,band1,exposure1,time1,psfMag11,psfMag12,psfMagErr11,psfMagErr12,apMag11,apMag12,apMagErr11,apMagErr12,band2,exposure2,time2,psfMag21,psfMag22,psfMagErr21,psfMagErr22,apMag21,apMag22,apMagErr21,apMagErr22,dt,airmassb1,airmassb2,x11,y11,x12,y12,x21,y21,x22,y22,deltapsfmag_s12b1,deltapsfmagErr_s12b1,deltaapmag_s12b1,deltaapmagErr_s12b1,deltapsfmag_s12b2,deltapsfmagErr_s12b2,deltaapmag_s12b2,deltaapmagErr_s12b2,psfcol12_s1,psfcol12Err_s1,apcol12_s1,apcol12Err_s1,psfcol12_s2,psfcol12Err_s2,apcol12_s2,apcol12Err_s2,psfcol12_s12,psfcol12Err_s12,apcol12_s12,apcol12Err_s12,psfmagmax_s12b1,psfmagmax_s12b2,apmagmax_s12b1,apmagmax_s12b2,index,DATE-OBS,id,BITPIX,NAXIS,NAXIS1,NAXIS2,EXTEND,TARGET,REDSHIFT,GRATING,ROTANGLE,D2CCD,LSHIFT,PARANGLE,TARGETX,TARGETY,LBDA_REF,PSF_REG,TRACE_R,MEANFWHM,PIXSHIFT,CHI2_FIT,A2_FIT,AM_FIT,VERSION,CCD_REBIN,CONFIG,EXPTIME,AIRMASS,DEC,HA,OUTTEMP,OUTPRESS,OUTHUM,FILTER,CAM_ROT,S_X0,S_Y0,S_XMIN,S_XMAX,S_YMIN,S_YMAX,S_NX,S_NY,S_DEG,S_SAT,S_ORDER,A1_x,A1_err_x,A2_x,A2_err_x,A3,A3_err,VAOD_x,VAOD_err_x,angstrom_exp_x,angstrom_exp_err_x,ozone [db]_x,ozone [db]_err_x,PWV [mm]_x,PWV [mm]_err_x,B_x,B_err_x,A_star,A_star_err,D_CCD [mm]_x,D_CCD [mm]_err_x,shift_x [pix],shift_x [pix]_err,shift_y [pix],shift_y [pix]_err,angle [deg],angle [deg]_err,P [hPa],P [hPa]_err,x_c_0_1,x_c_0_1_err,x_c_1_1,x_c_1_1_err,x_c_2_1,x_c_2_1_err,y_c_0_1,y_c_0_1_err,y_c_1_1,y_c_1_1_err,y_c_2_1,y_c_2_1_err,gamma_0_1,gamma_0_1_err,gamma_1_1,gamma_1_1_err,gamma_2_1,gamma_2_1_err,alpha_0_1,alpha_0_1_err,alpha_1_1,alpha_1_1_err,alpha_2_1,alpha_2_1_err,saturation_0_1,saturation_0_1_err,x_c_0_2,x_c_0_2_err,x_c_1_2,x_c_1_2_err,x_c_2_2,x_c_2_2_err,y_c_0_2,y_c_0_2_err,y_c_1_2,y_c_1_2_err,y_c_2_2,y_c_2_2_err,gamma_0_2,gamma_0_2_err,gamma_1_2,gamma_1_2_err,gamma_2_2,gamma_2_2_err,alpha_0_2,alpha_0_2_err,alpha_1_2,alpha_1_2_err,alpha_2_2,alpha_2_2_err,saturation_0_2,saturation_0_2_err,x_c_0_3,x_c_0_3_err,x_c_1_3,x_c_1_3_err,x_c_2_3,x_c_2_3_err,y_c_0_3,y_c_0_3_err,y_c_1_3,y_c_1_3_err,y_c_2_3,y_c_2_3_err,gamma_0_3,gamma_0_3_err,gamma_1_3,gamma_1_3_err,gamma_2_3,gamma_2_3_err,alpha_0_3,alpha_0_3_err,alpha_1_3,alpha_1_3_err,alpha_2_3,alpha_2_3_err,saturation_0_3,saturation_0_3_err,A1_y,A1_err_y,A2_y,A2_err_y,VAOD_y,VAOD_err_y,angstrom_exp_y,angstrom_exp_err_y,ozone [db]_y,ozone [db]_err_y,PWV [mm]_y,PWV [mm]_err_y,reso [nm],reso [nm]_err,D_CCD [mm]_y,D_CCD [mm]_err_y,alpha_pix [pix],alpha_pix [pix]_err,B_y,B_err_y,Time,dt_abs_specphot,td_rel_specphot
0,g,2023111500521,2023-11-16 07:52:18.278995968,16.34192232351218,15.36417340268414,0.0083544655856861,0.0052954589804866,16.342093416502706,15.382492685782475,0.0128945711341092,0.0063332926649198,r,2023111500522,2023-11-16 07:53:04.747996928,15.02148347906931,14.640676402786436,0.00420720583381,0.0036312852793799,14.990834787166632,14.639739225058078,0.0051004652407105,0.0042132851704076,46.469,1.0508085265644749,1.0499129354720678,145.14105077156265,2217.374188487344,1966.0172155251848,943.8717649659922,147.0125655606991,2219.1928514715864,1967.974457906876,945.4643299481276,0.9777489208280397,0.009891358907472197,0.959600730720231,0.01436595143776176,0.38080707628287414,0.0055575906387827865,0.3510955621085543,0.0066156267729424265,1.3204388444428687,0.0093540192511272,1.3512586293360744,0.013866676256561926,0.7234969998977032,0.006420912598241573,0.7427534607243977,0.007606731749358823,0.5969418445451655,0.011345739056787601,0.6085051686116767,0.01581603864154997,16.34192232351218,15.02148347906931,16.342093416502706,14.990834787166632,2515,2023-11-16 07:12:19.012506126+00:00,2023111500486,-64,2,1064,3,True,HD38666,0.0,holo4_003,0.32908622847589064,187.01354115680977,0.0,68.33137123669596,210.1461347570047,1495.0589842824766,500.89484580386375,125.89254117941739,38.4698553919184,18.85682717572295,-1.987699100056883,0.541664114729435,0.0,1.00399252067771,3.1.0,2,,60.0,1.00399252067771,-32.3034214524954,5.633748697458993,10.0,743.0,,empty,-66.460739374009,-420.25208050059854,18.05898428247656,630,1694,1477,1522,1064,45,2,11333.333333333334,1,1.0,0.0,0.9350179327759878,0.000925829674094212,0.0,0.0,1.0,0.0005593214982986027,0.0,0.0019144138556394638,542.5436881869384,13.329417459347123,9.679025923202706,0.1950413328840326,1.0,0.0,1.0,0.0,186.61329849781293,0.010776099234262043,1.8209722957937555,0.02611515406356543,4.34064584730585,0.005826596641175554,0.13651443701675367,0.0002702194963755122,1479.2572756543057,4.358195518152695,949.76500999676,0.0,531.4858451408035,0.0,0.01332062336438528,0.0,0.0,0.0,0.0,0.0,0.0,0.0,11.503285846775618,0.014157612818955067,-30.41218207200164,0.04778916929945128,24.29497188758128,0.05815430696652585,3.633500222306097,0.004320104206578879,-1.2876279956445602,0.004915127134817378,-2.164965396049359,0.005630096028996811,11333.333333333268,0.0,949.76500999676,0.0,531.4858451408035,0.0,0.01332062336438528,0.0,0.0,0.0,0.0,0.0,0.0,0.0,12.887719450559684,0.019036757794196956,0.0,0.0,0.0,0.0,4.055379203586969,0.006282909269083094,0.0,0.0,0.0,0.0,11333.333333333268,0.0,949.76500999676,0.0,531.4858451408035,0.0,0.01332062336438528,0.0,0.0,0.0,0.0,0.0,0.0,0.0,13.465802190727922,0.0,0.0,0.0,0.0,0.0,4.315880806584969,0.0,0.0,0.0,0.0,0.0,11333.333333333268,0.0,1.0,0.0,0.0,0.0,1.0,0.03550305492445376,0.006967453066387269,0.14348241095067996,499.22888101180433,29637.30606552074,7.235529148119448,44.268600076662075,1.8862793732623726,2.3650021867912154,186.89296388524056,0.446005407092534,-1.987699100056883,0.0,0.0,0.0,2023-11-16 07:12:19.012506126+00:00,2399.26649,-2399.26649
1,g,2023112000304,2023-11-21 07:13:11.735504896,16.31269469198761,15.366065887702636,0.007911385199972,0.0049514238949529,16.286197923928864,15.375083479238953,0.0122578124225637,0.0067890254324123,r,2023112000305,2023-11-21 07:13:58.339002880,14.995386333521562,14.65646357490261,0.0045043299209059,0.0039577720752194,14.986246756884096,14.648868572905462,0.0050904386711535,0.0045325392264281,46.603497,1.076496511520448,1.075339548183858,957.2002853054069,3144.6249211841773,2777.6311397741674,1870.5369316544277,961.687839966402,3143.4641529897863,2782.229664693599,1869.194315608216,0.9466288042849733,0.009333092433370976,0.9111144446899111,0.014012310006158797,0.3389227586189527,0.0059960777042792415,0.3373781839786343,0.006815898891847241,1.3173083584660468,0.009103790629111819,1.2999511670447674,0.013272774060140251,0.7096023128000262,0.00633881364191258,0.7262149063334906,0.00816301281152066,0.6077060456660206,0.011093221453013601,0.5737362607112768,0.015582082961291868,16.31269469198761,14.995386333521562,16.286197923928864,14.986246756884096,2575,2023-11-21 06:25:52.367006633+00:00,2023112000274,-64,2,1064,3,True,HD2811,0.0,holo4_003,0.23439838138497573,187.71113575000007,0.0,105.67316372942263,93.53217112891598,871.7840934808349,555.8063727639171,4.522462766563003,49.39860950065822,10.334664377963046,-0.5596024886331968,5.447782058398321,0.0,2.06156840186048,3.1.0,2,,60.0,2.06156840186048,-43.6122718354808,77.60074967721332,10.0,743.0,,empty,74.693322916049,-418.3388040572758,16.78409348083497,512,1576,855,900,1064,45,2,11333.333333333334,1,1.0,0.0,0.9912448046964701,0.0010501556177156532,0.0,0.0,0.04323907814276369,8.134187675590386e-05,0.0,0.007103170933440661,288.68956235964833,1.0794743433373875,3.067631330647795,0.014029554854748461,1.0,0.0,1.0,0.0,187.36011147943506,0.004944189806139905,0.7214123170705439,0.02021810705436265,-2.4246037635862163,0.006967380920358292,0.22088976529466314,0.0004850683781984943,638.2969456962617,0.33174327385770763,949.3033904264838,0.0,531.5295667478047,0.0,-0.028998887101813274,0.0,0.0,0.0,0.0,0.0,0.0,0.0,9.182091261645432,0.006550947382177886,-2.64203738724318,0.01613898584943609,1.822952905050955,0.0344228534544261,2.6895744732436766,0.0019562464343104353,-0.23119392451364967,0.005709362883596195,0.3803186482232356,0.011329499893546235,11333.333333333272,0.0,949.3033904264838,0.0,531.5295667478047,0.0,-0.028998887101813274,0.0,0.0,0.0,0.0,0.0,0.0,0.0,9.580588902949296,0.04813542975890064,0.0,0.0,0.0,0.0,2.4483254993357018,0.01403652737102148,0.0,0.0,0.0,0.0,11333.333333333272,0.0,949.3033904264838,0.0,531.5295667478047,0.0,-0.028998887101813274,0.0,0.0,0.0,0.0,0.0,0.0,0.0,9.1082488404529,0.0,0.0,0.0,0.0,0.0,2.6642328671941393,0.0,0.0,0.0,0.0,0.0,11333.333333333272,0.0,1.0,0.0,0.0,0.0,0.04030902196824317,0.0006145401475434023,0.0,0.03566514663653198,293.7442943342586,6.903505077658551,3.2769072331030755,0.038839229081559866,3.7127236876499428,0.09777118491428281,187.3741112260447,0.014517059166691422,-0.5596024886331968,0.0,0.0,0.0,2023-11-21 06:25:52.367006633+00:00,2839.368499,-2839.368499
2,g,2023112000307,2023-11-21 07:16:21.963502080,16.380580808830906,15.337523911610624,0.0077694556255487,0.0048476272842412,16.333146885107137,15.36077161221731,0.0125526969966892,0.0063937574788062,r,2023112000308,2023-11-21 07:17:08.622001920,15.025082666810688,14.681006358617047,0.0043988844355084,0.0038737055022537,14.998423566308611,14.667019096742496,0.0050908500308193,0.0044066654286748,46.658499,1.0719502493057922,1.070836246830635,407.0763316012525,3149.456275196461,2227.524711745546,1876.0416389701863,406.5103561837816,3152.782698041809,2227.3121331350344,1878.831898377064,1.043056897220282,0.009157725209040183,0.9723752728898276,0.014087240204826504,0.34407630819364066,0.005861380263653659,0.3314044695661149,0.006733160790933968,1.3554981420202186,0.008928304709984331,1.3347233187985257,0.013545735710066948,0.6565175529935772,0.006205246538624417,0.693752515474813,0.0077652324432735354,0.6989805890266414,0.010872888742162256,0.6409708033237127,0.015613641177670595,16.380580808830906,15.025082666810688,16.333146885107137,14.998423566308611,2575,2023-11-21 06:25:52.367006633+00:00,2023112000274,-64,2,1064,3,True,HD2811,0.0,holo4_003,0.23439838138497573,187.71113575000007,0.0,105.67316372942263,93.53217112891598,871.7840934808349,555.8063727639171,4.522462766563003,49.39860950065822,10.334664377963046,-0.5596024886331968,5.447782058398321,0.0,2.06156840186048,3.1.0,2,,60.0,2.06156840186048,-43.6122718354808,77.60074967721332,10.0,743.0,,empty,74.693322916049,-418.3388040572758,16.78409348083497,512,1576,855,900,1064,45,2,11333.333333333334,1,1.0,0.0,0.9912448046964701,0.0010501556177156532,0.0,0.0,0.04323907814276369,8.134187675590386e-05,0.0,0.007103170933440661,288.68956235964833,1.0794743433373875,3.067631330647795,0.014029554854748461,1.0,0.0,1.0,0.0,187.36011147943506,0.004944189806139905,0.7214123170705439,0.02021810705436265,-2.4246037635862163,0.006967380920358292,0.22088976529466314,0.0004850683781984943,638.2969456962617,0.33174327385770763,949.3033904264838,0.0,531.5295667478047,0.0,-0.028998887101813274,0.0,0.0,0.0,0.0,0.0,0.0,0.0,9.182091261645432,0.006550947382177886,-2.64203738724318,0.01613898584943609,1.822952905050955,0.0344228534544261,2.6895744732436766,0.0019562464343104353,-0.23119392451364967,0.005709362883596195,0.3803186482232356,0.011329499893546235,11333.333333333272,0.0,949.3033904264838,0.0,531.5295667478047,0.0,-0.028998887101813274,0.0,0.0,0.0,0.0,0.0,0.0,0.0,9.580588902949296,0.04813542975890064,0.0,0.0,0.0,0.0,2.4483254993357018,0.01403652737102148,0.0,0.0,0.0,0.0,11333.333333333272,0.0,949.3033904264838,0.0,531.5295667478047,0.0,-0.028998887101813274,0.0,0.0,0.0,0.0,0.0,0.0,0.0,9.1082488404529,0.0,0.0,0.0,0.0,0.0,2.6642328671941393,0.0,0.0,0.0,0.0,0.0,11333.333333333272,0.0,1.0,0.0,0.0,0.0,0.04030902196824317,0.0006145401475434023,0.0,0.03566514663653198,293.7442943342586,6.903505077658551,3.2769072331030755,0.038839229081559866,3.7127236876499428,0.09777118491428281,187.3741112260447,0.014517059166691422,-0.5596024886331968,0.0,0.0,0.0,2023-11-21 06:25:52.367006633+00:00,3029.596496,-3029.596496
3,g,2023112000328,2023-11-21 07:38:17.248498944,16.340487625631987,15.358018442152693,0.0088927403723629,0.0049849998880262,16.331076694814733,15.362699120792158,0.0151902957828452,0.0067689710719929,r,2023112000329,2023-11-21 07:39:03.734505984,15.040745897655889,14.604078529867728,0.0045165524446289,0.0037717930820943,15.005957362605075,14.641782643360555,0.005839190074865,0.004510037564777,46.486007,1.0443752376924678,1.0435512241278448,961.1131798435052,1673.3451800938342,2781.924865149356,398.9887863082131,962.0828774448656,1674.3136044374733,2782.936319906152,400.164759315697,0.982469183479294,0.010194658170526085,0.9683775740225755,0.01663021513221646,0.43666736778816073,0.00588435799720052,0.36417471924452016,0.0073781149059974375,1.299741727976098,0.009973969987689775,1.325119332209658,0.016273943182299938,0.7539399122849648,0.006251131652569448,0.7209164774316026,0.00813384338484436,0.5458018156911333,0.011771012031813237,0.6042028547780554,0.018193422847554087,16.340487625631987,15.040745897655889,16.331076694814733,15.005957362605075,2576,2023-11-21 08:29:09.247002842+00:00,2023112000378,-64,2,1064,3,True,HD185975,0.0,holo4_003,0.20607928290675973,186.9774470746461,0.0,169.68869994743966,94.49842059126003,878.2183160285309,616.5324009389434,0.7599980885496083,51.021447659989946,9.548682722825077,1.0178910631512055,3.2215474951190433,0.0,2.13996025510354,3.1.0,2,,60.0,2.13996025510354,-87.4694308381905,-190.56548635119253,10.0,743.0,,empty,11.057624622291996,-416.72063853224984,18.21831602853095,508,1572,860,905,1064,45,2,11333.333333333334,1,1.0,0.0,1.0637134780292712,0.0018831084328700663,0.0,0.0,0.0455295548522607,0.00012674968551748764,0.0,0.007666645154204676,315.9726922558299,1.2406989017024275,2.91575767125462,0.011823002520540285,1.0,0.0,1.0,0.0,187.24209991553272,0.00577403765581879,-0.5583253111322725,0.02370032789565237,-1.7894644850581536,0.008755154705614259,0.22113779476063505,0.0005526349265920574,637.2185734703447,0.44197732567908027,949.2501549674428,0.0,531.5298091151025,0.0,-0.028761440257033248,0.0,0.0,0.0,0.0,0.0,0.0,0.0,8.916707670283195,0.006859093779853965,-3.1512197814502483,0.017162849811321892,1.908869282827734,0.040085381617586124,2.9733181433705367,0.002486291613146245,-0.5111414614294456,0.006481906832214847,0.48699667906364885,0.015210067642805525,11333.333333333416,0.0,949.2501549674428,0.0,531.5298091151025,0.0,-0.028761440257033248,0.0,0.0,0.0,0.0,0.0,0.0,0.0,7.431236574237896,0.044813223822332375,0.0,0.0,0.0,0.0,2.088309201485761,0.01228502338521907,0.0,0.0,0.0,0.0,11333.333333333416,0.0,949.2501549674428,0.0,531.5298091151025,0.0,-0.028761440257033248,0.0,0.0,0.0,0.0,0.0,0.0,0.0,9.005612744275723,0.0,0.0,0.0,0.0,0.0,3.0071734741424025,0.0,0.0,0.0,0.0,0.0,11333.333333333416,0.0,1.0,0.0,0.0,0.0,0.04409584767802131,0.0005861774321907245,0.059818568990664345,0.030927099314740233,350.15071036806796,6.601406288125543,2.6155684539243675,0.03201050619200784,2.0542365235456734,0.09101005759524389,186.8385746480305,0.0096367594473071,1.0178910631512055,0.0,0.0,0.0,2023-11-21 08:29:09.247002842+00:00,3051.998503,3051.998503
4,g,2023112700297,2023-11-28 06:42:48.618001920,16.33845345941202,15.35325361106199,0.0083424202778251,0.0052302604285689,16.305860644108865,15.364618825791789,0.0145158438536389,0.0073216590176113,r,2023112700298,2023-11-28 06:43:35.059003904,14.994889651296496,14.6523264585211,0.0042549952515815,0.0037582800405293,14.98526887781892,14.645043565081604,0.0053658683955982,0.0046039254136463,46.441001,1.080947070286061,1.0797533403247508,429.5615541238207,2560.2933074357984,2250.5530780740924,1287.1069345977,429.59947016383074,2561.3450212824446,2250.662430235129,1287.6355960107885,0.9851998483500282,0.009846400369806274,0.9412418183170761,0.016257810847509425,0.3425631927753958,0.005677116649675434,0.3402253127373154,0.007070266816273475,1.3435638081155226,0.009364879106686243,1.3205917662899456,0.015475860765143432,0.7009271525408902,0.006440519622957037,0.7195752607101848,0.00864886235204302,0.6426366555746323,0.011365793139792012,0.6010165055797607,0.017728651567637425,16.33845345941202,14.994889651296496,16.305860644108865,14.98526887781892,2607,2023-11-28 05:09:13.400501921+00:00,2023112700219,-64,2,1064,3,True,HD2811,0.0,holo4_003,0.2291123984668559,187.3183312642548,0.0,98.37359726687697,109.8064904581335,874.889759954344,555.8063727639171,18.41831940057087,56.050888654158086,5.741428253642413,1.2166784791504057,15.065274418767386,0.0,1.63452669338043,3.1.0,2,,60.0,1.63452669338043,-43.6129393278672,65.28213110049363,10.0,743.0,,empty,82.268073683104,-416.8464702983436,16.889759954343972,523,1587,858,903,1064,45,2,11333.333333333334,1,1.0,0.0,0.9753618500904755,0.0006486247216191482,0.0,0.0,0.046188248004984236,0.00010872116958879993,0.36414765385562553,0.009033527934306382,367.3385953120803,1.4315626737282339,3.388605325787811,0.015621774362946785,1.0,0.0,1.0,0.0,187.1478771164385,0.004328021612317972,0.16677442076383378,0.019936502975462386,-2.1409437066505292,0.0031777435192852344,0.2287035592805134,0.0002204311949160218,585.4704623280062,0.21678687685087833,949.5806432228428,0.0,531.5194624147771,0.0,-0.01915172236696967,0.0,0.0,0.0,0.0,0.0,0.0,0.0,4.479730047905997,0.0023607157260410313,-1.4116479342829233,0.005544144430076207,0.5424544731014462,0.0122759540046864,2.266938819467459,0.0009388457336097191,-0.2623882132899551,0.0024296517836074802,-0.008712108720494095,0.005091513061653037,11333.333333333272,0.0,949.5806432228428,0.0,531.5194624147771,0.0,-0.01915172236696967,0.0,0.0,0.0,0.0,0.0,0.0,0.0,4.585598083871631,0.01119246237097734,0.0,0.0,0.0,0.0,2.104680075688236,0.004306701771135942,0.0,0.0,0.0,0.0,11333.333333333272,0.0,949.5806432228428,0.0,531.5194624147771,0.0,-0.01915172236696967,0.0,0.0,0.0,0.0,0.0,0.0,0.0,4.559450665138721,0.0,0.0,0.0,0.0,0.0,2.3015631977801867,0.0,0.0,0.0,0.0,0.0,11333.333333333272,0.0,1.0,0.0,0.0,0.0,0.04568370525650189,0.0007547579872657428,0.0956394368567294,0.03833297250572662,356.3102979856413,8.55649656130004,3.6969162210487654,0.04352828661870863,2.2972609786889358,0.06360915860693481,186.88738713457715,0.009152863668979166,1.2166784791504057,0.0,0.0,0.0,2023-11-28 05:09:13.400501921+00:00,5615.2175,-5615.2175
5,g,2023112800548,2023-11-29 07:12:35.918494976,16.331379333633954,15.344154275249906,0.0091198621662264,0.0052655980669831,16.308627688465084,15.36640354473134,0.0152774571473138,0.0071472824461239,r,2023112800549,2023-11-29 07:13:22.663997952,15.024005055809589,14.66526494275115,0.0043882234324546,0.0037593963935572,14.993986598793622,14.673739992474356,0.0056778542303836,0.0046207955113621,46.745502,1.038402755460094,1.037645710623625,1549.7257163072622,1719.517412844738,3370.173888820739,444.4086517182626,1552.040975266157,1721.9954266084949,3372.5312890924747,447.14923104612166,0.9872250583840483,0.010530831350562207,0.9422241437337444,0.016866663666910548,0.3587401130584382,0.005778370543417453,0.32024660631926594,0.007320504068662831,1.3073742778243655,0.010120691222644395,1.3146410896714613,0.016298427088203768,0.6788893324987555,0.006469898318127345,0.6926635522569828,0.008510898749397443,0.6284849453256101,0.012011992968322048,0.6219775374144785,0.01838679208214389,16.331379333633954,15.024005055809589,16.308627688465084,14.993986598793622,2644,2023-11-29 08:27:05.895497502+00:00,2023112800618,-64,2,1064,3,True,HD185975,0.0,holo4_003,0.2668304470394825,187.982020071409,0.0,176.81116057142782,101.03677146466373,876.3330512282358,616.5324009389434,37.27593720314938,71.6942148968687,11.145857104122351,1.9999912521447096,84.88906533559357,0.0,2.1436312123023,3.1.0,2,,60.0,2.1436312123023,-87.4686304377261,-183.2678095010185,10.8000001907349,740.75,6.55000019073486,empty,4.146378949469977,-415.96321978748097,17.333051228235774,511,1575,859,904,1064,45,2,11333.333333333334,1,1.0,0.0,1.053935289903522,0.0023828555629410338,0.0,0.0,0.03681084683698028,0.00012063299722135152,0.0,0.009554167196863835,317.2503592648135,1.1760571507620465,2.748002668015817,0.01207648946841592,1.0,0.0,1.0,0.0,187.1371813119212,0.008061268449421793,-1.0992807272933673,0.03955109899046917,-1.7290635937408723,0.01193340012668487,0.2120313218880129,0.0007534769500142078,645.7513299805081,0.6048308681515502,949.484079851877,0.0,531.5321626028004,0.0,-0.031617869175864566,0.0,0.0,0.0,0.0,0.0,0.0,0.0,12.426791004859114,0.011182220386190309,-4.442269483982571,0.03088337934592269,4.346674645290275,0.07333290870563389,3.0964619372091704,0.0032273775740832567,-0.673672964130185,0.009703780619957823,1.161998262895918,0.023271950996493516,11333.333333333272,0.0,949.484079851877,0.0,531.5321626028004,0.0,-0.031617869175864566,0.0,0.0,0.0,0.0,0.0,0.0,0.0,12.43326475457225,0.10607320438938737,0.0,0.0,0.0,0.0,2.5287682999373895,0.02627670203934622,0.0,0.0,0.0,0.0,11333.333333333272,0.0,949.484079851877,0.0,531.5321626028004,0.0,-0.031617869175864566,0.0,0.0,0.0,0.0,0.0,0.0,0.0,25.289011217666612,0.0,0.0,0.0,0.0,0.0,8.246342434671579,0.0,0.0,0.0,0.0,0.0,11333.333333333272,0.0,1.0,0.0,0.0,0.0,0.02593753975758498,0.0006368725313777631,0.0,0.0,487.2806458405956,8.144958170924568,1.4761599111916928,0.0325183840567947,4.996231989699693,0.23561644294944958,186.13968144658847,0.023851752572568018,1.9999912521447096,0.0,0.0,0.0,2023-11-29 08:27:05.895497502+00:00,4469.977002,4469.977002
6,g,2023112800551,2023-11-29 07:23:04.193492992,16.34290036598881,15.350036505847056,0.0086285654833868,0.0051786651201949,16.26655100591327,15.376396707518118,0.0145597641187128,0.007116635348522,r,2023112800552,2023-11-29 07:23:50.897509120,14.998380539518198,14.679127443812622,0.0044222657969344,0.003807093348711,14.989684123556376,14.647034771098408,0.0057055884836326,0.0045701837865097,46.704016,1.0289935342443552,1.0283612127252648,1642.1468899654355,1597.4080581381138,3462.726486606459,322.4456061966501,1646.185654105665,1596.806159260153,3466.718503370441,321.8896487563967,0.992863860141755,0.010063335169227812,0.8901542983951529,0.016205962787702234,0.3192530957055766,0.0058352715913259235,0.34264935245796835,0.0073102886254262965,1.3445198264706129,0.009695802033861353,1.2768668823568952,0.01563778984182604,0.6709090620344345,0.006427482570409879,0.7293619364197106,0.008457723010734566,0.6736107644361784,0.01163276017429882,0.5475049459371846,0.01777845746017991,16.34290036598881,14.998380539518198,16.26655100591327,14.989684123556376,2644,2023-11-29 08:27:05.895497502+00:00,2023112800618,-64,2,1064,3,True,HD185975,0.0,holo4_003,0.2668304470394825,187.982020071409,0.0,176.81116057142782,101.03677146466373,876.3330512282358,616.5324009389434,37.27593720314938,71.6942148968687,11.145857104122351,1.9999912521447096,84.88906533559357,0.0,2.1436312123023,3.1.0,2,,60.0,2.1436312123023,-87.4686304377261,-183.2678095010185,10.8000001907349,740.75,6.55000019073486,empty,4.146378949469977,-415.96321978748097,17.333051228235774,511,1575,859,904,1064,45,2,11333.333333333334,1,1.0,0.0,1.053935289903522,0.0023828555629410338,0.0,0.0,0.03681084683698028,0.00012063299722135152,0.0,0.009554167196863835,317.2503592648135,1.1760571507620465,2.748002668015817,0.01207648946841592,1.0,0.0,1.0,0.0,187.1371813119212,0.008061268449421793,-1.0992807272933673,0.03955109899046917,-1.7290635937408723,0.01193340012668487,0.2120313218880129,0.0007534769500142078,645.7513299805081,0.6048308681515502,949.484079851877,0.0,531.5321626028004,0.0,-0.031617869175864566,0.0,0.0,0.0,0.0,0.0,0.0,0.0,12.426791004859114,0.011182220386190309,-4.442269483982571,0.03088337934592269,4.346674645290275,0.07333290870563389,3.0964619372091704,0.0032273775740832567,-0.673672964130185,0.009703780619957823,1.161998262895918,0.023271950996493516,11333.333333333272,0.0,949.484079851877,0.0,531.5321626028004,0.0,-0.031617869175864566,0.0,0.0,0.0,0.0,0.0,0.0,0.0,12.43326475457225,0.10607320438938737,0.0,0.0,0.0,0.0,2.5287682999373895,0.02627670203934622,0.0,0.0,0.0,0.0,11333.333333333272,0.0,949.484079851877,0.0,531.5321626028004,0.0,-0.031617869175864566,0.0,0.0,0.0,0.0,0.0,0.0,0.0,25.289011217666612,0.0,0.0,0.0,0.0,0.0,8.246342434671579,0.0,0.0,0.0,0.0,0.0,11333.333333333272,0.0,1.0,0.0,0.0,0.0,0.02593753975758498,0.0006368725313777631,0.0,0.0,487.2806458405956,8.144958170924568,1.4761599111916928,0.0325183840567947,4.996231989699693,0.23561644294944958,186.13968144658847,0.023851752572568018,1.9999912521447096,0.0,0.0,0.0,2023-11-29 08:27:05.895497502+00:00,3841.702004,3841.702004
7,g,2023112800555,2023-11-29 07:26:54.895495936,16.348881451482878,15.342249369241603,0.0086826613436894,0.0051874490462245,16.33586004976803,15.37312504301796,0.0155904162242684,0.0071839276893802,r,2023112800552,2023-11-29 07:23:50.897509120,14.998380539518198,14.679127443812622,0.0044222657969344,0.003807093348711,14.989684123556376,14.647034771098408,0.0057055884836326,0.0045701837865097,-183.997987,1.0260147607602377,1.0283612127252648,1093.8510367647575,1601.7016297174234,2914.4840831041624,327.06675366306405,1646.185654105665,1596.806159260153,3466.718503370441,321.8896487563967,1.0066320822412749,0.010114259024583743,0.9627350067500693,0.017165951622097008,0.3192530957055766,0.0058352715913259235,0.34264935245796835,0.0073102886254262965,1.35050091196468,0.009743974691466211,1.3461759262116537,0.016601651062183313,0.6631219254289817,0.006434561941031807,0.7260902719195528,0.008514422874670935,0.6873789865356983,0.01167684161753122,0.6200856542921009,0.01865771194115752,16.348881451482878,14.998380539518198,16.33586004976803,14.989684123556376,2644,2023-11-29 08:27:05.895497502+00:00,2023112800618,-64,2,1064,3,True,HD185975,0.0,holo4_003,0.2668304470394825,187.982020071409,0.0,176.81116057142782,101.03677146466373,876.3330512282358,616.5324009389434,37.27593720314938,71.6942148968687,11.145857104122351,1.9999912521447096,84.88906533559357,0.0,2.1436312123023,3.1.0,2,,60.0,2.1436312123023,-87.4686304377261,-183.2678095010185,10.8000001907349,740.75,6.55000019073486,empty,4.146378949469977,-415.96321978748097,17.333051228235774,511,1575,859,904,1064,45,2,11333.333333333334,1,1.0,0.0,1.053935289903522,0.0023828555629410338,0.0,0.0,0.03681084683698028,0.00012063299722135152,0.0,0.009554167196863835,317.2503592648135,1.1760571507620465,2.748002668015817,0.01207648946841592,1.0,0.0,1.0,0.0,187.1371813119212,0.008061268449421793,-1.0992807272933673,0.03955109899046917,-1.7290635937408723,0.01193340012668487,0.2120313218880129,0.0007534769500142078,645.7513299805081,0.6048308681515502,949.484079851877,0.0,531.5321626028004,0.0,-0.031617869175864566,0.0,0.0,0.0,0.0,0.0,0.0,0.0,12.426791004859114,0.011182220386190309,-4.442269483982571,0.03088337934592269,4.346674645290275,0.07333290870563389,3.0964619372091704,0.0032273775740832567,-0.673672964130185,0.009703780619957823,1.161998262895918,0.023271950996493516,11333.333333333272,0.0,949.484079851877,0.0,531.5321626028004,0.0,-0.031617869175864566,0.0,0.0,0.0,0.0,0.0,0.0,0.0,12.43326475457225,0.10607320438938737,0.0,0.0,0.0,0.0,2.5287682999373895,0.02627670203934622,0.0,0.0,0.0,0.0,11333.333333333272,0.0,949.484079851877,0.0,531.5321626028004,0.0,-0.031617869175864566,0.0,0.0,0.0,0.0,0.0,0.0,0.0,25.289011217666612,0.0,0.0,0.0,0.0,0.0,8.246342434671579,0.0,0.0,0.0,0.0,0.0,11333.333333333272,0.0,1.0,0.0,0.0,0.0,0.02593753975758498,0.0006368725313777631,0.0,0.0,487.2806458405956,8.144958170924568,1.4761599111916928,0.0325183840567947,4.996231989699693,0.23561644294944958,186.13968144658847,0.023851752572568018,1.9999912521447096,0.0,0.0,0.0,2023-11-29 08:27:05.895497502+00:00,3611.000001,3611.000001
8,g,2023113000553,2023-12-01 06:48:15.801989888,16.317443869192005,15.33419733582013,0.0088861298393485,0.0048648987731201,16.28938664743729,15.342824234654778,0.0146098579984088,0.0062047400937877,r,2023113000558,2023-12-01 06:52:54.856492032,15.039432785720289,14.69327402974769,0.00455347426642,0.0038877813423263,15.012570120420529,14.679437173674792,0.0057242541942497,0.004567561642454,279.054502,1.056609487410519,1.0510944549181074,1922.933336064091,1742.5430321798324,3743.0449546655736,467.463247743472,1368.3028454214775,1744.9855657449054,3188.816618352364,470.45984301937546,0.9832465333718741,0.010130673402813125,0.9465624127825123,0.01587283057192781,0.34615875597259915,0.005987401077319745,0.3331329467457369,0.007323230532900242,1.278011083471716,0.009984860110022021,1.276816527016761,0.015691240767194126,0.6409233060724411,0.006227526301706476,0.6633870609799857,0.00770463620095548,0.6370877773992749,0.011767731950344335,0.6134294660367754,0.0174807452874049,16.317443869192005,15.039432785720289,16.28938664743729,15.012570120420529,2705,2023-12-01 05:46:54.779003966+00:00,2023113000503,-64,2,1065,3,True,HD2811,0.0,holo4_003,0.17340788437377358,187.0717964769301,0.0,105.72201929322355,99.57310247895478,872.6146639560413,555.8063727639171,32.66791587724422,72.98854299439238,11.021862641925313,0.8244722471458084,140.80514494576786,0.0,2.06544590394,3.1.0,2,,60.0,2.06544590394,-43.6125118766466,77.68488030945542,7.09999990463257,740.75,48.1749992370605,empty,74.82628722254799,-417.1354546397795,17.614663956041298,514,1579,855,900,1065,45,2,11333.333333333334,1,1.0,0.0,0.9922996434123206,0.0009539201202073262,0.0,0.0,0.04329172461346374,8.72247574942818e-05,0.1572649638514774,0.007746714182179263,313.9415640317429,1.0552007213255672,2.957549184455157,0.01364518156309908,1.0,0.0,1.0,0.0,187.37239478600213,0.005161453579891494,-1.2050340998858777,0.01835774384752252,-2.614224004176106,0.007692329149788654,0.21873557788501333,0.0005357190317315146,642.7845396948209,0.38015387841526194,949.9756569705106,0.0,532.0228731228294,0.0,-0.02232857191566327,0.0,0.0,0.0,0.0,0.0,0.0,0.0,10.539592871698607,0.007760961723785738,-3.7486399829879384,0.019629043647016512,2.9351643554077214,0.04777853412997623,2.688911542973495,0.0020539860927201578,-0.46429847566056154,0.005932814732906045,0.6462589496014103,0.014146985316873755,11333.333333333321,0.0,949.9756569705106,0.0,532.0228731228294,0.0,-0.02232857191566327,0.0,0.0,0.0,0.0,0.0,0.0,0.0,11.551870125281415,0.05808469100564361,0.0,0.0,0.0,0.0,2.5597292652059975,0.015224664156480596,0.0,0.0,0.0,0.0,11333.333333333321,0.0,949.9756569705106,0.0,532.0228731228294,0.0,-0.02232857191566327,0.0,0.0,0.0,0.0,0.0,0.0,0.0,23.921199194038774,0.0,0.0,0.0,0.0,0.0,7.8066444961880475,0.0,0.0,0.0,0.0,0.0,11333.333333333321,0.0,1.0,0.0,0.0,0.0,0.007639374277087621,0.0010903393836114523,0.0,0.0,600.0,16.181965882797865,0.0,0.10228887493241579,0.1,0.0,186.91000943704643,0.01055067545829922,0.8244722471458084,0.0,0.0,0.0,2023-12-01 05:46:54.779003966+00:00,3681.022986,-3681.022986
9,g,2023113000557,2023-12-01 06:52:08.168502016,16.338117287784478,15.365478357157103,0.0088202886723333,0.0050854406093001,16.345497578561226,15.38603577116751,0.0153605777311342,0.0070206862766905,r,2023113000558,2023-12-01 06:52:54.856492032,15.039432785720289,14.69327402974769,0.00455347426642,0.0038877813423263,15.012570120420529,14.679437173674792,0.0057242541942497,0.004567561642454,46.68799,1.0520075728007734,1.0510944549181074,1367.547545480091,1747.265643187248,3187.73783800992,472.590052024793,1368.3028454214775,1744.9855657449054,3188.816618352364,470.45984301937546,0.9726389306273742,0.010181316145470078,0.9594618073937156,0.01688897226091411,0.34615875597259915,0.005987401077319745,0.3331329467457369,0.007323230532900242,1.298684502064189,0.009926309493373671,1.3329274581406967,0.01639251153162935,0.672204327409414,0.00640129283476854,0.706598597492718,0.008375718187315485,0.626480174654775,0.01181135767448854,0.6263288606479787,0.01840834293107146,16.338117287784478,15.039432785720289,16.345497578561226,15.012570120420529,2705,2023-12-01 05:46:54.779003966+00:00,2023113000503,-64,2,1065,3,True,HD2811,0.0,holo4_003,0.17340788437377358,187.0717964769301,0.0,105.72201929322355,99.57310247895478,872.6146639560413,555.8063727639171,32.66791587724422,72.98854299439238,11.021862641925313,0.8244722471458084,140.80514494576786,0.0,2.06544590394,3.1.0,2,,60.0,2.06544590394,-43.6125118766466,77.68488030945542,7.09999990463257,740.75,48.1749992370605,empty,74.82628722254799,-417.1354546397795,17.614663956041298,514,1579,855,900,1065,45,2,11333.333333333334,1,1.0,0.0,0.9922996434123206,0.0009539201202073262,0.0,0.0,0.04329172461346374,8.72247574942818e-05,0.1572649638514774,0.007746714182179263,313.9415640317429,1.0552007213255672,2.957549184455157,0.01364518156309908,1.0,0.0,1.0,0.0,187.37239478600213,0.005161453579891494,-1.2050340998858777,0.01835774384752252,-2.614224004176106,0.007692329149788654,0.21873557788501333,0.0005357190317315146,642.7845396948209,0.38015387841526194,949.9756569705106,0.0,532.0228731228294,0.0,-0.02232857191566327,0.0,0.0,0.0,0.0,0.0,0.0,0.0,10.539592871698607,0.007760961723785738,-3.7486399829879384,0.019629043647016512,2.9351643554077214,0.04777853412997623,2.688911542973495,0.0020539860927201578,-0.46429847566056154,0.005932814732906045,0.6462589496014103,0.014146985316873755,11333.333333333321,0.0,949.9756569705106,0.0,532.0228731228294,0.0,-0.02232857191566327,0.0,0.0,0.0,0.0,0.0,0.0,0.0,11.551870125281415,0.05808469100564361,0.0,0.0,0.0,0.0,2.5597292652059975,0.015224664156480596,0.0,0.0,0.0,0.0,11333.333333333321,0.0,949.9756569705106,0.0,532.0228731228294,0.0,-0.02232857191566327,0.0,0.0,0.0,0.0,0.0,0.0,0.0,23.921199194038774,0.0,0.0,0.0,0.0,0.0,7.8066444961880475,0.0,0.0,0.0,0.0,0.0,11333.333333333321,0.0,1.0,0.0,0.0,0.0,0.007639374277087621,0.0010903393836114523,0.0,0.0,600.0,16.181965882797865,0.0,0.10228887493241579,0.1,0.0,186.91000943704643,0.01055067545829922,0.8244722471458084,0.0,0.0,0.0,2023-12-01 05:46:54.779003966+00:00,3913.389499,-3913.389499
10,g,2023120600236,2023-12-07 06:20:37.964504064,16.339905719183974,15.37749568814058,0.0076031202200392,0.0047829883065605,16.317046636189772,15.382733023746963,0.0124758599040954,0.0056948870504807,r,2023120600237,2023-12-07 06:21:24.779001088,14.981081013373409,14.656507758565509,0.0041170131169068,0.0035457279175372,14.968394212398836,14.669392419794995,0.0049470464992893,0.0039149387872353,46.814497,1.0619435745649208,1.0609246240411063,1267.8437459976444,3358.0273806497926,3088.1534052467628,2083.886785031305,1269.0732028643654,3358.3911678353475,3089.660190586364,2083.793335936253,0.9624100310433938,0.008982450346150733,0.9343136124428089,0.013714183127855195,0.3245732548079001,0.005433413611164287,0.29900179260384085,0.006308725289147557,1.3588247058105658,0.008646226580720145,1.348652423790936,0.013420892273345532,0.7209879295750721,0.005953920020112562,0.7133406039519681,0.006910751350289792,0.6378367762354937,0.010497923494246315,0.635311819838968,0.015095656118177772,16.339905719183974,14.981081013373409,16.317046636189772,14.968394212398836,2769,2023-12-07 05:44:44.111999058+00:00,2023120600203,-64,2,1064,3,True,HD38666,0.0,holo4_003,0.43741530952852375,186.0009994506836,0.0,62.353412649547394,125.65042807946293,1497.47956048637,500.89484580386375,0.023856746977147025,207.18618755670272,9.37316575078243,0.0,0.525191669645535,0.0,1.00263083681183,3.1.0,2,,60.0,1.00263083681183,-32.3033938391,4.381942865210083,11.125,741.35,25.5,empty,-58.81080196419498,-417.3495719205371,14.479560486370062,543,1607,1483,1528,1064,45,2,11333.333333333334,1,1.0,0.0,0.43617687067373306,0.0005334439113478608,0.0,0.0,1.0,0.0004376849049750813,1.5752713551151863e-12,0.002192655792988631,485.8537079461068,14.413689828508758,5.753129490950304e-10,0.02004957827467469,1.0,0.0,1.0,0.0,186.58196797201578,0.010386236517883993,1.9999999849639685,0.024136552513496883,0.6066024823166498,0.0038425169076247317,0.43044115807791694,0.00020279297121362293,949.3655333969871,6.239664152136516,948.8981232699357,0.0,531.4885871793136,0.0,0.007890136209000132,0.0,0.0,0.0,0.0,0.0,0.0,0.0,1.2775174701884673,0.002128692643503692,-18.08510917736447,0.011066430977208962,27.247075483330295,0.013808725384009502,1.268833082883996,0.0003044478733166261,-2.978242415478056,0.0021231175860008025,4.0440696414639286,0.002905046686690495,11333.333333333416,0.0,948.8981232699357,0.0,531.4885871793136,0.0,0.007890136209000132,0.0,0.0,0.0,0.0,0.0,0.0,0.0,7.880503181107201,0.014642693391343832,0.0,0.0,0.0,0.0,2.704552415587624,0.004598782084261366,0.0,0.0,0.0,0.0,11333.333333333416,0.0,948.8981232699357,0.0,531.4885871793136,0.0,0.007890136209000132,0.0,0.0,0.0,0.0,0.0,0.0,0.0,5.339650553117541,0.0,0.0,0.0,0.0,0.0,2.019231522756508,0.0,0.0,0.0,0.0,0.0,11333.333333333416,0.0,1.0,0.0,0.0,0.0,1.0,0.035655038628630426,0.0,0.14566553908541285,0.0,26346.74250343924,7.6011000945783085,46.8469873794753,1.4415726671760059,1.8166328898616266,185.98166178070508,0.37796681737817717,0.0,0.0,0.0,0.0,2023-12-07 05:44:44.111999058+00:00,2153.852506,-2153.852506
11,g,2023120600295,2023-12-07 07:08:07.130505984,16.335709885567617,15.358955106169594,0.0071170422470252,0.0044592268500189,16.35564324508681,15.369462626719724,0.0143808137772846,0.006590734699091,r,2023120600296,2023-12-07 07:08:53.854493952,14.99091186911564,14.687460256139511,0.0041934517219455,0.0036124951018174,14.99061927089973,14.66814129246381,0.0055562584552559,0.0044563375001232,46.723987,1.0175489418422992,1.0171030824847214,1223.583928764118,1868.4790661017776,3044.066731370476,593.661441579355,1227.2101311763029,1870.6476886449905,3047.8193630788096,595.8186346014239,0.9767547793980231,0.008398630510140984,0.9861806183670865,0.01581915259331993,0.3034516129761293,0.005534903631043849,0.32247797843591997,0.007122566386956809,1.3447980164519766,0.008260588822246825,1.3650239741870802,0.015416867805054996,0.6714948500300828,0.005738887083798059,0.7013213342559137,0.007955924068818558,0.6733031664218938,0.010058436889040632,0.6637026399311665,0.01734867547414925,16.335709885567617,14.99091186911564,16.35564324508681,14.99061927089973,2770,2023-12-07 07:52:13.645005180+00:00,2023120600336,-64,2,1064,3,True,HD73495,9.4e-05,holo4_003,0.26940469303181946,185.9817447048547,0.0,-125.83792781969231,96.91733262139009,871.9372379444274,566.122903956069,0.01171689397357725,56.29656835801978,6.828414863902858,-0.01712926555886376,677.2058973253897,0.0,1.00755676596766,3.1.0,2,,60.0,1.00755676596766,-26.2570347562196,-6.635995404852536,11.1374998092651,741.05,20.875,empty,124.207085862485,-418.0473272528574,24.93723794442731,515,1579,847,892,1064,45,2,11333.333333333334,1,1.0,0.0,1.1759319927507423,0.0002921506293691832,0.0,0.0,0.19333241124710104,0.0001176852571406425,1.65203432189331,0.004270862244401616,0.0,1.7047066094859795,2.5958494242352974,0.012982531167673662,1.0,0.0,1.0,0.0,186.12045866042968,0.0030238020381146325,0.18361381536571786,0.00028574480005464747,5.874191649941789,0.0007791463654457624,0.21291874033583752,4.749859344241695e-05,2309.4216230765924,1.0154335354127404,949.5174501487799,0.0,531.4828010738214,0.0,0.013198965466356086,0.0,0.0,0.0,0.0,0.0,0.0,0.0,5.482482908085673,0.0015775468641408812,-2.6005442379468584,0.003066689393109427,-0.236476973220103,0.006758386786869865,2.576567356903765,0.0005757286192496385,-0.6722302468008546,0.001028938097476875,-0.6775915892552037,0.002171468958669802,11333.333333333416,0.0,949.5174501487799,0.0,531.4828010738214,0.0,0.013198965466356086,0.0,0.0,0.0,0.0,0.0,0.0,0.0,7.037345774167881,0.005553274333527432,0.0,0.0,0.0,0.0,3.142146307116799,0.002731776236357135,0.0,0.0,0.0,0.0,11333.333333333416,0.0,949.5174501487799,0.0,531.4828010738214,0.0,0.013198965466356086,0.0,0.0,0.0,0.0,0.0,0.0,0.0,6.3063607175571805,0.0,0.0,0.0,0.0,0.0,2.883511816019729,0.0,0.0,0.0,0.0,0.0,11333.333333333416,0.0,1.0,0.0,0.0,0.0,0.27719623140953775,0.00955778648797254,2.828244862485745,0.08293292433979361,0.0,38.42026063314754,0.44987609771289316,0.24999919102543652,0.10000047532806415,0.0,187.2687930302156,0.03578840327350982,-0.01712926555886376,0.0,0.0,0.0,2023-12-07 07:52:13.645005180+00:00,2646.514499,2646.514499
12,g,2023121400262,2023-12-15 05:56:17.132502016,16.32918587533054,15.387146991988178,0.007843571669067,0.0049843936255235,16.31754728509894,15.375475539569226,0.012859586747601,0.0066415508181055,r,2023121400263,2023-12-15 05:57:03.839508992,15.010746034122196,14.676842216983202,0.0041914935150305,0.0036582187643637,14.98641014800758,14.6738642470231,0.0050882939930147,0.0044923891309533,46.707006,1.0529818127029,1.052058795132329,1661.2451190168797,3206.655175859763,3481.550705038864,1931.925620648972,1662.6628655871816,3207.835135116275,3482.985422886752,1932.9703749395928,0.942038883342363,0.009293319984911194,0.942071745529713,0.014473395199073128,0.3339038171389941,0.005563378686956822,0.31254590098448,0.006787657612406272,1.3184398412083453,0.008893269051048282,1.3311371370913587,0.01382966764164724,0.7103047750049765,0.0061827780440593194,0.7016112925461258,0.008018214101243816,0.6081350662033689,0.01083129626390282,0.629525844545233,0.015985977119081896,16.32918587533054,15.010746034122196,16.31754728509894,14.98641014800758,2881,2023-12-15 04:32:51.963499587+00:00,2023121400196,-64,2,1064,3,True,HD2811,0.0,holo4_003,0.2300338033282165,186.8996927427628,0.0,102.9281596482717,100.72155451255178,869.429379599596,555.8063727639171,2.1438159611020815,54.030466304416535,6.84994273886646,0.9796242342820823,7.755390187945401,0.0,1.87157513185056,3.1.0,2,,60.0,1.87157513185056,-43.6170179568731,72.91211585882829,14.3500003814697,740.6,21.4750003814697,empty,77.60223618813399,-417.18842144215347,16.42937959959606,515,1579,853,898,1064,45,2,11333.333333333334,1,1.0,0.0,0.9825056085340268,0.0006452739715622843,0.0,0.0,0.05877246716397695,8.748066404524403e-05,0.5061633026330483,0.005928021471533809,329.264150849798,1.1853439715037912,5.202070541544357,0.018792304867322716,1.0,0.0,1.0,0.0,187.10759383207724,0.003577660884767331,-0.08026257718272987,0.012674744844193956,-2.661036747850214,0.003933534339518182,0.237450682275884,0.00027364162897013577,606.8022709706221,0.21821885974029348,949.6901929801693,0.0,531.5241776754023,0.0,-0.023880057899590298,0.0,0.0,0.0,0.0,0.0,0.0,0.0,5.736321634588709,0.003180070736049898,-1.4540891831311538,0.0072542584559502545,0.17934344953027195,0.01666166387320653,2.5106176468441173,0.0012224021997660464,-0.3039082555096796,0.002923386044876595,-0.23884228362175255,0.006415363226584051,11333.333333333416,0.0,949.6901929801693,0.0,531.5241776754023,0.0,-0.023880057899590298,0.0,0.0,0.0,0.0,0.0,0.0,0.0,7.060851704438037,0.024909443971506205,0.0,0.0,0.0,0.0,2.7100182178479053,0.010328381355735897,0.0,0.0,0.0,0.0,11333.333333333416,0.0,949.6901929801693,0.0,531.5241776754023,0.0,-0.023880057899590298,0.0,0.0,0.0,0.0,0.0,0.0,0.0,5.841702205026009,0.0,0.0,0.0,0.0,0.0,2.553769172131384,0.0,0.0,0.0,0.0,0.0,11333.333333333416,0.0,1.0,0.0,0.0,0.0,0.05888353388027259,0.0006429976099572624,0.42452662930906354,0.02718147678896907,344.9099511638876,7.323958674531059,5.3144576115714015,0.05158865938564885,1.3461305148432512,0.05364198667676555,186.86988975351005,0.006088944834669649,0.9796242342820823,0.0,0.0,0.0,2023-12-15 04:32:51.963499587+00:00,5005.169003,-5005.169003
13,g,2023121400266,2023-12-15 06:00:09.982501888,16.34646448380987,15.369563794934813,0.0076571039608262,0.0047954153379718,16.33219398769834,15.363942256152152,0.0126706288493883,0.0066506570353988,r,2023121400263,2023-12-15 05:57:03.839508992,15.010746034122196,14.676842216983202,0.0041914935150305,0.0036582187643637,14.98641014800758,14.6738642470231,0.0050882939930147,0.0044923891309533,-186.142993,1.048562610353836,1.052058795132329,1104.6442258827856,3214.8084020317388,2925.340546923401,1940.1914193654388,1662.6628655871816,3207.835135116275,3482.985422886752,1932.9703749395928,0.9769006888750589,0.009034779982409947,0.9682517315461876,0.014309999106968898,0.3339038171389941,0.005563378686956822,0.31254590098448,0.006787657612406272,1.3357184496876755,0.00872925305816271,1.3457838396907587,0.01365414117395527,0.6927215779516107,0.0060314652275875605,0.690078009129051,0.008025758475459308,0.6429968717360648,0.010610298381527302,0.6557058305617076,0.015838193404069403,16.34646448380987,15.010746034122196,16.33219398769834,14.98641014800758,2882,2023-12-15 07:25:59.719009370+00:00,2023121400351,-64,2,1065,3,True,HD73495,9.4e-05,holo4_003,0.3512833021000703,187.4617958144159,0.0,-131.60008115045218,107.86665480801906,872.8598335500076,566.122903956069,0.05847900841444791,56.63692705732602,5.093736751245898,0.90076294548852,896.0561676499198,0.0,1.00567344516546,3.1.0,2,,60.0,1.00567344516546,-26.2575064465949,-5.325079941476506,13.8249998092651,739.85,17.7250003814697,empty,129.157734788609,-416.92689852646487,20.859833550007565,521,1586,852,897,1065,45,2,11333.333333333334,1,1.0,0.0,1.6190940240360592,0.00040630047283355135,0.0,0.0,0.42636949215951053,0.00013838222469550468,2.877759956102918,0.0027409866423072516,0.0,2.010084270775608,7.0983657119073715,0.02105520638246985,1.0,0.0,1.0,0.0,185.6467039240143,0.0027513973080855814,-0.2859150951621626,0.0030480703238438484,3.5044874532955728,0.0007421238509549803,0.22889275438907988,4.384339513727914e-05,2232.0552559307357,1.2064736341331246,949.815423757273,0.0,531.9869465131053,0.0,0.012099949127837666,0.0,0.0,0.0,0.0,0.0,0.0,0.0,3.5694293963261456,0.00110264840159663,-2.7679716992262984,0.0031086484559503633,5.623097990685219,0.007482349938843577,2.0118359036110722,0.0003428745717932698,-0.6525797288066927,0.000922922010463391,0.4762349179214328,0.0021740024944649707,11333.333333333321,0.0,949.815423757273,0.0,531.9869465131053,0.0,0.012099949127837666,0.0,0.0,0.0,0.0,0.0,0.0,0.0,3.8748485191175654,0.0026700565396803873,0.0,0.0,0.0,0.0,2.197211206917053,0.0011768737397437072,0.0,0.0,0.0,0.0,11333.333333333321,0.0,949.815423757273,0.0,531.9869465131053,0.0,0.012099949127837666,0.0,0.0,0.0,0.0,0.0,0.0,0.0,5.032047885928633,0.0,0.0,0.0,0.0,0.0,2.4574554153701964,0.0,0.0,0.0,0.0,0.0,11333.333333333321,0.0,1.0,0.0,0.0,0.0,0.31038301448303945,0.00809182520634129,2.9682999253383264,0.07273073902727195,0.0,64.97505578134883,4.9320887904441015,0.539562415598183,0.17003558790359435,13003.418602201575,186.99390637411872,0.030321705011585147,0.90076294548852,0.0,0.0,0.0,2023-12-15 07:25:59.719009370+00:00,5149.736507,5149.736507
14,g,2023121400294,2023-12-15 06:26:58.410998016,16.304088854713285,15.366195304995738,0.0082287115419574,0.0051220110924606,16.315140098319485,15.355044334987076,0.0139986501340816,0.0066244431635791,r,2023121400295,2023-12-15 06:27:45.106507008,15.03659133335934,14.702948598229543,0.0043217920032477,0.0037408920254729,14.998803602458292,14.67989045508087,0.0054217638741006,0.0044339405097444,46.695508,1.0237788729376878,1.0232253835953078,1666.7684326784467,1732.8939694433627,3487.206118389613,457.8304967266122,1667.7083459932142,1734.0923088045213,3487.9279575699406,458.780161329405,0.9378935497175469,0.009692610137214452,0.9600957633324096,0.015486944592265857,0.33364273512979636,0.005715956548608685,0.3189131473774225,0.007003952594817784,1.2674975213539454,0.009294599494334262,1.3163364958611936,0.015011919566895005,0.6632467067661949,0.006342654868234292,0.6751538799062065,0.007971391075053482,0.6042508145877505,0.011252504189628853,0.6411826159549872,0.016997082242384057,16.304088854713285,15.03659133335934,16.315140098319485,14.998803602458292,2882,2023-12-15 07:25:59.719009370+00:00,2023121400351,-64,2,1065,3,True,HD73495,9.4e-05,holo4_003,0.3512833021000703,187.4617958144159,0.0,-131.60008115045218,107.86665480801906,872.8598335500076,566.122903956069,0.05847900841444791,56.63692705732602,5.093736751245898,0.90076294548852,896.0561676499198,0.0,1.00567344516546,3.1.0,2,,60.0,1.00567344516546,-26.2575064465949,-5.325079941476506,13.8249998092651,739.85,17.7250003814697,empty,129.157734788609,-416.92689852646487,20.859833550007565,521,1586,852,897,1065,45,2,11333.333333333334,1,1.0,0.0,1.6190940240360592,0.00040630047283355135,0.0,0.0,0.42636949215951053,0.00013838222469550468,2.877759956102918,0.0027409866423072516,0.0,2.010084270775608,7.0983657119073715,0.02105520638246985,1.0,0.0,1.0,0.0,185.6467039240143,0.0027513973080855814,-0.2859150951621626,0.0030480703238438484,3.5044874532955728,0.0007421238509549803,0.22889275438907988,4.384339513727914e-05,2232.0552559307357,1.2064736341331246,949.815423757273,0.0,531.9869465131053,0.0,0.012099949127837666,0.0,0.0,0.0,0.0,0.0,0.0,0.0,3.5694293963261456,0.00110264840159663,-2.7679716992262984,0.0031086484559503633,5.623097990685219,0.007482349938843577,2.0118359036110722,0.0003428745717932698,-0.6525797288066927,0.000922922010463391,0.4762349179214328,0.0021740024944649707,11333.333333333321,0.0,949.815423757273,0.0,531.9869465131053,0.0,0.012099949127837666,0.0,0.0,0.0,0.0,0.0,0.0,0.0,3.8748485191175654,0.0026700565396803873,0.0,0.0,0.0,0.0,2.197211206917053,0.0011768737397437072,0.0,0.0,0.0,0.0,11333.333333333321,0.0,949.815423757273,0.0,531.9869465131053,0.0,0.012099949127837666,0.0,0.0,0.0,0.0,0.0,0.0,0.0,5.032047885928633,0.0,0.0,0.0,0.0,0.0,2.4574554153701964,0.0,0.0,0.0,0.0,0.0,11333.333333333321,0.0,1.0,0.0,0.0,0.0,0.31038301448303945,0.00809182520634129,2.9682999253383264,0.07273073902727195,0.0,64.97505578134883,4.9320887904441015,0.539562415598183,0.17003558790359435,13003.418602201575,186.99390637411872,0.030321705011585147,0.90076294548852,0.0,0.0,0.0,2023-12-15 07:25:59.719009370+00:00,3541.308011,3541.308011
15,g,2023121400298,2023-12-15 06:30:48.172007936,16.341913184027614,15.342018671626928,0.0080947521001991,0.0047998014034134,16.326898929380413,15.358446500166572,0.0142874637795983,0.0066636860780596,r,2023121400299,2023-12-15 06:31:34.908494080,15.02072381388002,14.667648429347144,0.0043160676758048,0.0037180026117461,14.988364127608518,14.64588296513383,0.0055567825027027,0.0044971203642149,46.736486,1.0211886401987036,1.0206769307634225,1116.2765409284495,1741.4071127328964,2936.9660566005214,466.89732362083066,1119.3427929959528,1741.1903137126014,2939.955283176525,466.3177384548972,0.9998945124006866,0.009410797260375286,0.9684524292138406,0.015765035153790765,0.35307538453287535,0.005696664252268855,0.34248116247468907,0.007148560928786943,1.3211893701475947,0.009173519049187437,1.3385348017718943,0.015330018037682675,0.6743702422797835,0.006071378503532791,0.7125635350327428,0.008039204171879309,0.6468191278678113,0.011000685827663875,0.6259712667391515,0.017310062297774605,16.341913184027614,15.02072381388002,16.326898929380413,14.988364127608518,2882,2023-12-15 07:25:59.719009370+00:00,2023121400351,-64,2,1065,3,True,HD73495,9.4e-05,holo4_003,0.3512833021000703,187.4617958144159,0.0,-131.60008115045218,107.86665480801906,872.8598335500076,566.122903956069,0.05847900841444791,56.63692705732602,5.093736751245898,0.90076294548852,896.0561676499198,0.0,1.00567344516546,3.1.0,2,,60.0,1.00567344516546,-26.2575064465949,-5.325079941476506,13.8249998092651,739.85,17.7250003814697,empty,129.157734788609,-416.92689852646487,20.859833550007565,521,1586,852,897,1065,45,2,11333.333333333334,1,1.0,0.0,1.6190940240360592,0.00040630047283355135,0.0,0.0,0.42636949215951053,0.00013838222469550468,2.877759956102918,0.0027409866423072516,0.0,2.010084270775608,7.0983657119073715,0.02105520638246985,1.0,0.0,1.0,0.0,185.6467039240143,0.0027513973080855814,-0.2859150951621626,0.0030480703238438484,3.5044874532955728,0.0007421238509549803,0.22889275438907988,4.384339513727914e-05,2232.0552559307357,1.2064736341331246,949.815423757273,0.0,531.9869465131053,0.0,0.012099949127837666,0.0,0.0,0.0,0.0,0.0,0.0,0.0,3.5694293963261456,0.00110264840159663,-2.7679716992262984,0.0031086484559503633,5.623097990685219,0.007482349938843577,2.0118359036110722,0.0003428745717932698,-0.6525797288066927,0.000922922010463391,0.4762349179214328,0.0021740024944649707,11333.333333333321,0.0,949.815423757273,0.0,531.9869465131053,0.0,0.012099949127837666,0.0,0.0,0.0,0.0,0.0,0.0,0.0,3.8748485191175654,0.0026700565396803873,0.0,0.0,0.0,0.0,2.197211206917053,0.0011768737397437072,0.0,0.0,0.0,0.0,11333.333333333321,0.0,949.815423757273,0.0,531.9869465131053,0.0,0.012099949127837666,0.0,0.0,0.0,0.0,0.0,0.0,0.0,5.032047885928633,0.0,0.0,0.0,0.0,0.0,2.4574554153701964,0.0,0.0,0.0,0.0,0.0,11333.333333333321,0.0,1.0,0.0,0.0,0.0,0.31038301448303945,0.00809182520634129,2.9682999253383264,0.07273073902727195,0.0,64.97505578134883,4.9320887904441015,0.539562415598183,0.17003558790359435,13003.418602201575,186.99390637411872,0.030321705011585147,0.90076294548852,0.0,0.0,0.0,2023-12-15 07:25:59.719009370+00:00,3311.547001,3311.547001
16,g,2023121400302,2023-12-15 06:34:33.650002944,16.32818876810861,15.338328035485048,0.0079676290315266,0.0047277837689997,16.301750961441595,15.352355677922787,0.0149244390455027,0.0065080212298851,r,2023121400299,2023-12-15 06:31:34.908494080,15.02072381388002,14.667648429347144,0.0043160676758048,0.0037180026117461,14.988364127608518,14.64588296513383,0.0055567825027027,0.0044971203642149,-178.741509,1.0188458622916166,1.0206769307634225,567.0498908942311,1748.4993954361953,2387.7439736671454,474.0209199057409,1119.3427929959528,1741.1903137126014,2939.955283176525,466.3177384548972,0.989860732623562,0.009264720813410543,0.9493952835188075,0.016281683609245104,0.35307538453287535,0.005696664252268855,0.34248116247468907,0.007148560928786943,1.3074649542285908,0.009061542504792026,1.3133868338330768,0.015925348115669823,0.6706796061379041,0.006014605788193257,0.7064727127889583,0.007910653063993613,0.6367853480906867,0.010875984339521659,0.6069141210441185,0.01778187685549925,16.32818876810861,15.02072381388002,16.301750961441595,14.988364127608518,2882,2023-12-15 07:25:59.719009370+00:00,2023121400351,-64,2,1065,3,True,HD73495,9.4e-05,holo4_003,0.3512833021000703,187.4617958144159,0.0,-131.60008115045218,107.86665480801906,872.8598335500076,566.122903956069,0.05847900841444791,56.63692705732602,5.093736751245898,0.90076294548852,896.0561676499198,0.0,1.00567344516546,3.1.0,2,,60.0,1.00567344516546,-26.2575064465949,-5.325079941476506,13.8249998092651,739.85,17.7250003814697,empty,129.157734788609,-416.92689852646487,20.859833550007565,521,1586,852,897,1065,45,2,11333.333333333334,1,1.0,0.0,1.6190940240360592,0.00040630047283355135,0.0,0.0,0.42636949215951053,0.00013838222469550468,2.877759956102918,0.0027409866423072516,0.0,2.010084270775608,7.0983657119073715,0.02105520638246985,1.0,0.0,1.0,0.0,185.6467039240143,0.0027513973080855814,-0.2859150951621626,0.0030480703238438484,3.5044874532955728,0.0007421238509549803,0.22889275438907988,4.384339513727914e-05,2232.0552559307357,1.2064736341331246,949.815423757273,0.0,531.9869465131053,0.0,0.012099949127837666,0.0,0.0,0.0,0.0,0.0,0.0,0.0,3.5694293963261456,0.00110264840159663,-2.7679716992262984,0.0031086484559503633,5.623097990685219,0.007482349938843577,2.0118359036110722,0.0003428745717932698,-0.6525797288066927,0.000922922010463391,0.4762349179214328,0.0021740024944649707,11333.333333333321,0.0,949.815423757273,0.0,531.9869465131053,0.0,0.012099949127837666,0.0,0.0,0.0,0.0,0.0,0.0,0.0,3.8748485191175654,0.0026700565396803873,0.0,0.0,0.0,0.0,2.197211206917053,0.0011768737397437072,0.0,0.0,0.0,0.0,11333.333333333321,0.0,949.815423757273,0.0,531.9869465131053,0.0,0.012099949127837666,0.0,0.0,0.0,0.0,0.0,0.0,0.0,5.032047885928633,0.0,0.0,0.0,0.0,0.0,2.4574554153701964,0.0,0.0,0.0,0.0,0.0,11333.333333333321,0.0,1.0,0.0,0.0,0.0,0.31038301448303945,0.00809182520634129,2.9682999253383264,0.07273073902727195,0.0,64.97505578134883,4.9320887904441015,0.539562415598183,0.17003558790359435,13003.418602201575,186.99390637411872,0.030321705011585147,0.90076294548852,0.0,0.0,0.0,2023-12-15 07:25:59.719009370+00:00,3086.069006,3086.069006
17,g,2023122000225,2023-12-21 05:43:19.054501888,16.298323417098445,15.374132657740688,0.0078169818808537,0.0047629428086506,16.294039320917154,15.367513097537326,0.0143165918357077,0.0064823229634077,r,2023122000226,2023-12-21 05:44:05.815005952,14.973484836592856,14.656673528413634,0.0040620175810028,0.0034798047391962,14.980985420353177,14.663565477132304,0.0056283867505597,0.0043690878944477,46.760504,1.041318937691473,1.0405261956847618,525.9814520425872,1432.5416527790408,2346.7638485323096,158.65530413999198,525.4695207533654,1433.5808737356365,2346.4836825412726,159.22263600051886,0.9241907593577565,0.009153733114094571,0.9265262233798275,0.01571576637622789,0.3168113081792221,0.005348740772491051,0.3174199432208731,0.007125143257737729,1.3248385805055882,0.008809380940450405,1.3130539005639772,0.015383222653401606,0.7174591293270538,0.00589870029933788,0.7039476204050228,0.007817252716353248,0.6073794511785344,0.010601879917042055,0.6091062801589544,0.017255520253978453,16.298323417098445,14.973484836592856,16.294039320917154,14.980985420353177,2949,2023-12-21 04:40:41.695490283+00:00,2023122000166,-64,2,1064,3,True,HD2811,0.0,holo4_003,0.2713839400215303,187.1284507331838,0.0,107.52895304449909,100.8686765373037,867.9858001289942,555.8063727639171,23.50309196870392,49.09794526612765,6.668934853533199,1.1176747701852905,10.36703096571717,0.0,2.21743497268315,3.1.0,2,,60.0,2.21743497268315,-43.6106722214796,80.79193596466224,13.5500001907349,741.8,23.3500003814697,empty,72.987571115697,-416.7176832693821,14.985800128994285,514,1578,853,898,1064,45,2,11333.333333333334,1,1.0,0.0,1.002248277204883,0.000842220678799436,0.0,0.0,0.07461577114149358,7.889609579480403e-05,0.1746117603898404,0.0038444469756210927,322.0207445385967,1.0079727611325202,4.6951841304690625,0.01653150808687465,1.0,0.0,1.0,0.0,187.3494854790061,0.005196128800795952,-0.7873112840258403,0.027167849519977513,-3.7129740588630296,0.004200586759406979,0.24690063215260497,0.00028730872812220414,626.5130416953058,0.17702797505102408,949.37538589536,0.0,531.533652982018,0.0,-0.03418159104513598,0.0,0.0,0.0,0.0,0.0,0.0,0.0,6.1259290463113985,0.0035995846312197204,-2.12049613297911,0.007520265010797455,-0.4303989341094801,0.017401252544700006,2.4692188125120524,0.001291927522605813,-0.4885769901040823,0.0026522507548937284,-0.3981314979165342,0.005922716703696211,11333.333333333272,0.0,949.37538589536,0.0,531.533652982018,0.0,-0.03418159104513598,0.0,0.0,0.0,0.0,0.0,0.0,0.0,7.704062019998729,0.031414900954300475,0.0,0.0,0.0,0.0,2.792979453145083,0.013397149792435194,0.0,0.0,0.0,0.0,11333.333333333272,0.0,949.37538589536,0.0,531.533652982018,0.0,-0.03418159104513598,0.0,0.0,0.0,0.0,0.0,0.0,0.0,6.889105771511754,0.0,0.0,0.0,0.0,0.0,2.7558786960908095,0.0,0.0,0.0,0.0,0.0,11333.333333333272,0.0,1.0,0.0,0.0,0.0,0.0739133654889408,0.0005692872248808295,0.026317544641389697,0.01872197901241561,399.43160633095397,6.464326349195494,0.0,0.02569694050583126,2.489764189423986,0.09761823500709851,186.99093746711472,0.01627498768880027,1.1176747701852905,0.0,0.0,0.0,2023-12-21 04:40:41.695490283+00:00,3757.359012,-3757.359012
18,g,2023122100512,2023-12-22 05:24:52.047501056,16.3697103456126,15.359160959664669,0.0081571604256707,0.0049331922052902,16.322801986903734,15.365911957856264,0.013115402377967,0.006618786287983,r,2023122100513,2023-12-22 05:25:38.845995008,15.011870883828752,14.677373972497596,0.0041732566262271,0.0036774554671257,15.003824734531218,14.650243712019977,0.0051227058317562,0.0043376285086335,46.798493,1.0579876512896325,1.0570097759124462,221.25102825433115,3075.054307327967,2042.2469450143687,1801.456380641044,221.732664171704,3075.2662956258264,2042.7931578526395,1801.6401215397373,1.0105493859479306,0.009532872156095674,0.9568900290474698,0.014690885319203,0.334496911331156,0.005562351083942931,0.353581022511241,0.006712461256321639,1.357839461783847,0.009162714503817991,1.318977252372516,0.014080337161257587,0.6817869871670723,0.006153053229659946,0.7156682458362873,0.007913491833881037,0.6760524746167746,0.011037001455354859,0.6033090065362288,0.016151756795457058,16.3697103456126,15.011870883828752,16.322801986903734,15.003824734531218,2982,2023-12-22 04:26:48.214991110+00:00,2023122100469,-64,2,1064,3,True,HD2811,0.0,holo4_003,0.30328777420522146,187.54186338470214,0.0,106.07897516246929,95.43327770685823,871.1993212816244,555.8063727639171,2.038508374785837,50.14413652783146,8.990595322669012,-0.4305208628923014,14.572980080282644,0.0,2.09374507819166,3.1.0,2,,60.0,2.09374507819166,-43.6121018574987,78.29788306484447,12.1750001907349,743.15,19.9874992370605,empty,74.44131523980701,-418.2795238221868,16.19932128162442,515,1579,855,900,1064,45,2,11333.333333333334,1,1.0,0.0,0.9784811159920505,0.0008745972328257827,0.0,0.0,0.04580238385017922,7.670654580689888e-05,0.1687472441218325,0.006388328068894513,310.5522489152367,1.0275643899312845,3.9429110267760588,0.015580162174178234,1.0,0.0,1.0,0.0,187.48004289228612,0.003591951549567683,-0.2667084920789871,0.011538652208157443,-2.843045462034407,0.007724787519462745,0.2393498326931566,0.0005413819224665519,632.3377141170608,0.3418201660651518,949.388253019227,0.0,531.5345236501992,0.0,-0.034623185338186556,0.0,0.0,0.0,0.0,0.0,0.0,0.0,9.61761317618918,0.00699040127295815,-3.828483243459374,0.01567834443674785,-0.09707085418321051,0.03454704568559044,3.0742883372501852,0.0024508649528305654,-0.7668902249378053,0.005823956699081493,-0.2947594622880844,0.012268816559067744,11333.333333333416,0.0,949.388253019227,0.0,531.5345236501992,0.0,-0.034623185338186556,0.0,0.0,0.0,0.0,0.0,0.0,0.0,10.785398606731528,0.07588826842754655,0.0,0.0,0.0,0.0,3.173154775741224,0.029059380588841773,0.0,0.0,0.0,0.0,11333.333333333416,0.0,949.388253019227,0.0,531.5345236501992,0.0,-0.034623185338186556,0.0,0.0,0.0,0.0,0.0,0.0,0.0,9.078811949721912,0.0,0.0,0.0,0.0,0.0,2.844539192586286,0.0,0.0,0.0,0.0,0.0,11333.333333333416,0.0,1.0,0.0,0.0,0.0,0.033371995077351176,0.0006966388872036724,1.936103242095769,0.10346396706257867,500.93380441045866,7.602288399407541,0.0,0.02952117027945833,9.742331158447065,0.32059463917890596,185.76915977857354,0.0551071364843656,-0.4305208628923014,0.0,0.0,0.0,2023-12-22 04:26:48.214991110+00:00,3483.83251,-3483.83251
19,g,2023122100553,2023-12-22 06:00:07.644007936,16.326654390733598,15.39739263943985,0.0090786524872991,0.0054832950630825,16.314125448725314,15.37467349173458,0.0143008294180679,0.0067219764721103,r,2023122100554,2023-12-22 06:00:54.408000000,15.029214479090516,14.74460563802499,0.0048010565330201,0.0041740912038703,15.01909681551862,14.7012097474433,0.0056669772305291,0.004567600291986,46.763992,1.0233375836414134,1.022790406879366,1222.9871527004818,1658.2785945292685,3043.709941411013,383.6220172760978,1222.2401758274186,1659.1164510558713,3042.957844548703,384.2345263820629,0.9292617512937476,0.010606057501916868,0.9394519569907338,0.015801857160988413,0.284608841065527,0.006361853598714953,0.3178870680753203,0.007278571519102211,1.2974399116430817,0.010269959825549325,1.2950286332066927,0.015382729048384476,0.6527870014148611,0.0068912670915479935,0.6734637442912792,0.008126988379403224,0.6446529102282206,0.012367766045064463,0.6215648889154135,0.017397594462883845,16.326654390733598,15.029214479090516,16.314125448725314,15.01909681551862,2983,2023-12-22 06:51:07.669490844+00:00,2023122100607,-64,2,1064,3,True,HD73495,9.4e-05,holo4_003,0.4043482327366734,187.03658536797803,0.0,-123.92483491014306,104.7058286591747,870.4021276413806,566.122903956069,0.09093896351773136,57.445204918390715,5.109343602618352,0.9492137305018495,664.5389350825765,0.0,1.00843264242231,3.1.0,2,,60.0,1.00843264242231,-26.2595548826778,-7.165964202099475,13.3249998092651,741.5,25.9750003814697,empty,122.45096416469701,-416.7493447003221,22.402127641380574,519,1583,848,893,1064,45,2,11333.333333333334,1,1.0,0.0,1.792361588322227,0.0005034727253502122,0.0,0.0,0.46545770211855003,0.00016003237682102136,2.99999986255239,0.0025242013114286977,0.0,2.06962221239286,4.018279380486362,0.016727624550539368,1.0,0.0,1.0,0.0,185.03658536797803,0.0017376569604059956,1.5471372363253577,0.0034280244913029176,5.5504929485326455,0.0007647382674246379,0.22563958890169417,4.641205453087958e-05,2312.617296439841,0.9427351350042331,949.176603309765,0.0,531.4757266682677,0.0,0.02212111287011024,0.0,0.0,0.0,0.0,0.0,0.0,0.0,3.635381934568807,0.0011373992272143462,-3.0324147609924053,0.0028101735646677696,2.784900270705379,0.006293833726711704,2.224098170619022,0.000434571204655974,-0.4436174954411153,0.0010346182858637168,-0.30314794450477933,0.0021163309337018754,11333.333333333272,0.0,949.176603309765,0.0,531.4757266682677,0.0,0.02212111287011024,0.0,0.0,0.0,0.0,0.0,0.0,0.0,3.427757317427504,0.0021758739461790457,0.0,0.0,0.0,0.0,2.0161292793185415,0.0008997740258785004,0.0,0.0,0.0,0.0,11333.333333333272,0.0,949.176603309765,0.0,531.4757266682677,0.0,0.02212111287011024,0.0,0.0,0.0,0.0,0.0,0.0,0.0,5.004289406170346,0.0,0.0,0.0,0.0,0.0,2.7098783571786815,0.0,0.0,0.0,0.0,0.0,11333.333333333272,0.0,1.0,0.0,0.0,0.0,0.5676382457093964,0.015371105407922398,3.0,0.20322099464536883,600.0,306.688346901098,0.0,1.5507995715146723,10.0,2.0823463109727385,189.03658536797803,0.41848511446213915,0.9492137305018495,0.0,0.0,0.0,2023-12-22 06:51:07.669490844+00:00,3060.025482,3060.025482
20,g,2023122200511,2023-12-23 06:16:55.890002944,16.32638930193623,15.352437621347717,0.0084520325009336,0.004979838026183,16.3286630034813,15.380857131976612,0.0144976610933664,0.0068181650203806,r,2023122200512,2023-12-23 06:17:42.682508032,15.035302598286195,14.665056288976013,0.004256269418978,0.003673325387339,15.001768986921247,14.668356227935115,0.0055636355787292,0.0044647794923404,46.792505,1.011741753418388,1.011423165234367,1092.7673244091295,1566.70287266756,2913.4486520755254,292.21633778782484,1095.8409771989504,1565.226508133402,2916.6021928759733,290.9764566306949,0.9739516805885149,0.009809976562859672,0.9478058715046878,0.01602090981883524,0.37024630931018265,0.0056222014165446385,0.33341275898613176,0.00713360335091073,1.291086703650036,0.00946322792517253,1.3268940165600522,0.015528561363855031,0.6873813323717037,0.006188061584073595,0.7125009040414962,0.008149946635430503,0.6037053712783322,0.011306846993395313,0.614393112518556,0.0175373272818687,16.32638930193623,15.035302598286195,16.3286630034813,15.001768986921247,3018,2023-12-23 06:46:59.520499466+00:00,2023122200538,-64,2,1064,3,True,HD73495,9.4e-05,holo4_003,0.3856641894557763,186.82793260497695,0.0,-123.75887710542796,103.70260959042606,872.9433891596916,566.122903956069,0.09714881331357636,56.60071806401964,6.149767373247343,0.8182244230575902,627.1711652238913,0.0,1.00852356417221,3.1.0,2,,60.0,1.00852356417221,-26.2586506577868,-7.217048910145533,13.8500003814697,741.8,22.4249992370605,empty,122.17897675045299,-417.9428460615137,22.943389159691648,520,1584,850,895,1064,45,2,11333.333333333334,1,1.0,0.0,1.3674552225183763,0.0003368083703634413,0.0,0.0,0.26877085979519905,0.0001399993747836294,3.0,0.004220532616008569,1.7186189843974797e-05,1.9112369903323068,1.2401299403506179,0.008513993232774297,1.0,0.0,1.0,0.0,184.95310295765344,0.0034518757166212724,0.045464914855574794,0.003864304964222946,5.483759114470658,0.0007527363202574428,0.22587843461528115,4.525516347890448e-05,2159.1328188281414,0.961765332638415,950.2395345968237,0.0,531.4771559458349,0.0,0.02050918293849081,0.0,0.0,0.0,0.0,0.0,0.0,0.0,4.268979181438261,0.0013207443784885304,-3.073363308362359,0.003293362324131698,3.312269420916823,0.0073305676877859285,2.255445551178544,0.0004654998337036971,-0.5225312486193906,0.0013135360085571209,0.3965372159623057,0.002675339450572113,11333.333333333272,0.0,950.2395345968237,0.0,531.4771559458349,0.0,0.02050918293849081,0.0,0.0,0.0,0.0,0.0,0.0,0.0,4.003957833144226,0.0024648392947383044,0.0,0.0,0.0,0.0,1.9674339359126716,0.0008561922988444349,0.0,0.0,0.0,0.0,11333.333333333272,0.0,950.2395345968237,0.0,531.4771559458349,0.0,0.02050918293849081,0.0,0.0,0.0,0.0,0.0,0.0,0.0,5.0666100650834345,0.0,0.0,0.0,0.0,0.0,2.525462653619499,0.0,0.0,0.0,0.0,0.0,11333.333333333272,0.0,1.0,0.0,0.0,0.0,0.46064203618493554,0.008921916173614193,3.0,0.14126871515324776,600.0,164.28228076499948,0.0,0.8127876913116617,8.464221109438931,1.3176961374007896,188.76172031928948,0.27496071888152296,0.8182244230575902,0.0,0.0,0.0,2023-12-23 06:46:59.520499466+00:00,1803.630496,1803.630496
21,g,2024013000147,2024-01-31 03:56:46.173999104,16.332793547546657,15.388849530853566,0.0080099539699251,0.0050101302666992,16.34451197100732,15.383281472627491,0.0130912447027575,0.0066857795907273,r,2024013000148,2024-01-31 03:57:33.012994048,14.996291502703569,14.651508647871928,0.0041567636916888,0.0036834120484857,14.972408750317904,14.63011790697691,0.0050402995780123,0.0043709327782632,46.838994,1.007594400914794,1.007415427890054,242.5998517895248,3082.2339098677894,2063.855905011016,1808.0078809411664,248.72260052737292,3080.574825668631,2069.664147981614,1806.1313442679505,0.9439440166930915,0.00944779169380942,0.9612304983798303,0.014699671309361376,0.3447828548316405,0.005553936325478707,0.3422908433409937,0.006671557028775713,1.3365020448430887,0.009024303130373069,1.372103220689418,0.014028018666354393,0.7373408829816377,0.006218434658997795,0.7531635656505813,0.00798778455442317,0.599161161861451,0.010959332853649724,0.6189396550388366,0.0161428005560209,16.332793547546657,14.996291502703569,16.34451197100732,14.972408750317904,3039,2024-01-31 04:20:57.928006273+00:00,2024013000173,-64,2,1064,3,True,HD38666,0.0,holo4_003,0.12659432320570235,186.0009994506836,0.0,96.47144153761475,327.3669499603322,556.3477930080938,500.89484580386375,0.00029470517025518,212.29733380635417,5.989677945369806,0.0,0.7679146435690051,0.0,1.17766482787449,3.1.0,2,,60.0,1.17766482787449,-32.3111440228635,37.581986946580685,17.8125,743.9,21.3125,empty,83.67843467088699,-417.6330500396678,19.34779300809386,745,1809,537,582,1064,45,2,11333.333333333334,1,1.0,0.0,0.8579585063338127,0.0008553887883024833,0.0,0.0,1.0,0.0005769162237827891,9.926340850224135e-10,0.00170224595880066,599.9999352024009,10.454056186399034,5.3040110894644314,0.04326692238616505,1.0,0.0,1.0,0.0,186.1557144387865,0.006238723309986583,0.7393908245545148,0.009951794761304682,2.6262041713706084,0.002041325665715951,-0.0821909969984012,0.00012781920128770324,775.2180377448806,0.47356038368112,949.1355196212093,0.0,531.5043877287405,0.0,-0.00417873522581387,0.0,0.0,0.0,0.0,0.0,0.0,0.0,6.860580118965375,0.007027740132468031,10.21541499341075,0.016923328893394946,4.308186378473487,0.012385288823772033,5.371221937230247,0.006007646914334311,6.478580000421442,0.017597421060991554,0.8380352642479545,0.013346161968697604,11333.333333333272,0.0,949.1355196212093,0.0,531.5043877287405,0.0,-0.00417873522581387,0.0,0.0,0.0,0.0,0.0,0.0,0.0,6.1194244322921,0.011558246431563259,0.0,0.0,0.0,0.0,4.991941716891106,0.011010240940613399,0.0,0.0,0.0,0.0,11333.333333333272,0.0,949.1355196212093,0.0,531.5043877287405,0.0,-0.00417873522581387,0.0,0.0,0.0,0.0,0.0,0.0,0.0,6.757026228382134,0.0,0.0,0.0,0.0,0.0,5.233060014123824,0.0,0.0,0.0,0.0,0.0,11333.333333333272,0.0,1.0,0.0,0.0,0.0,1.0,0.024244190240667214,0.0,0.0372915108195397,0.0,132557.5179687381,0.0,0.028627274730871545,0.1,9.172376255670744e-05,184.0009994506836,0.06721976322824295,0.0,0.0,0.0,0.0,2024-01-31 04:20:57.928006273+00:00,1451.754007,1451.754007
22,g,2024022700114,2024-02-28 02:10:36.002510080,16.334810616164145,15.357128019327648,0.0083278490896328,0.0047657930047035,16.38613596074347,15.344594574829244,0.0156476561432034,0.0061350825431918,r,2024022700115,2024-02-28 02:11:22.621007872,15.023737140737556,14.688749054879136,0.0043990945679624,0.0037577298481498,14.984905936813748,14.655143759594846,0.0056313952239453,0.0041397250811358,46.618497,1.006687041044536,1.006552455517135,1784.0353768663797,1841.6839007478895,3604.4947452433858,566.6261503538195,1789.0616689575031,1839.984432984073,3609.815062059889,564.5508855000203,0.9776825968364964,0.009595095279536241,1.0415413859142255,0.016807390653748363,0.33498808585842,0.005785548083764598,0.32976217721890144,0.006989272917525738,1.3110734754265891,0.009418338679277475,1.4012300239297222,0.016630145968818344,0.6683789644485127,0.006069045771400701,0.6894508152343981,0.007401118939671323,0.6426945109780764,0.011204392890867889,0.7117792086953241,0.018202700802445952,16.334810616164145,15.023737140737556,16.38613596074347,14.984905936813748,3269,2024-02-28 02:23:48.945498895+00:00,2024022700128,-64,2,1064,3,True,HD38666,0.0,holo4_003,0.2250838917982419,187.39048098405178,0.0,95.77426386646688,100.69296012287478,870.2599927877858,500.89484580386375,5.637187756418652,56.13341048855908,5.544225719298338,1.3207529504929163,36.792069029724715,0.0,1.15997795232691,3.1.0,2,,30.0,1.15997795232691,-32.3185675931388,35.808249971040006,15.6000003814697,743.15,23.8999996185303,empty,84.36194454371599,-417.2890524020952,18.25999278778579,514,1578,852,897,1064,45,2,22666.666666666668,1,1.0,0.0,0.9844936122925202,0.0003434356207538501,0.0,0.0,0.07062456686587841,0.00011186526844433687,0.4677841812990027,0.009956084009834446,377.77170313958686,1.8267333256699314,5.426818092827138,0.03142027944223966,1.0,0.0,1.0,0.0,187.10624940160523,0.004009908719540939,-0.10399267921661105,0.008559974752767156,-1.2182964094018658,0.000978761783724791,0.22538002028051327,6.741370994541645e-05,430.70150036157355,0.2538787629721747,950.1186149228929,0.0,531.5063282107187,0.0,-0.006208092279346359,0.0,0.0,0.0,0.0,0.0,0.0,0.0,4.15791199558405,0.0016431411558645143,-1.331387579737618,0.005252260748740137,0.816455696867267,0.009113308491749897,2.0719418496138706,0.0005490092771887151,-0.1256185600325806,0.0023057807013621857,0.18344180876245986,0.0035755735194824036,22666.666666666544,0.0,950.1186149228929,0.0,531.5063282107187,0.0,-0.006208092279346359,0.0,0.0,0.0,0.0,0.0,0.0,0.0,4.19036839506822,0.0032366920252380697,0.0,0.0,0.0,0.0,1.8865221743445637,0.001019590366561425,0.0,0.0,0.0,0.0,22666.666666666544,0.0,950.1186149228929,0.0,531.5063282107187,0.0,-0.006208092279346359,0.0,0.0,0.0,0.0,0.0,0.0,0.0,4.2702131452731535,0.0,0.0,0.0,0.0,0.0,2.1030809650127273,0.0,0.0,0.0,0.0,0.0,22666.666666666544,0.0,1.0,0.0,0.0,0.0,0.0762738871918539,0.0010536066249172645,0.11625407810617093,0.03345787703884176,315.35854163677425,11.968641425648961,6.189049475320256,0.0719174288680006,2.497457689541187,0.10032042149650953,186.86723095257526,0.010644509532074188,1.3207529504929163,0.0,0.0,0.0,2024-02-28 02:23:48.945498895+00:00,792.942988,792.942988
23,g,2024030100101,2024-03-02 01:39:28.620495104,16.380491075275856,15.374911445259707,0.0087539103492243,0.005411176236171,16.34453741552916,15.35867580044028,0.0130972154366654,0.0066170233201606,r,2024030100102,2024-03-02 01:40:15.459493120,15.023590984097122,14.69504835360862,0.0043396489764003,0.003862629352834,15.00125342577429,14.671256306744816,0.0050920875505744,0.0044524835627653,46.838998,1.0128297427997852,1.012486055492899,257.5184971112589,3074.6487911958275,2078.9895210711825,1800.35447965468,257.463256937611,3079.156728654172,2078.605303233904,1804.8892990922388,1.0055796300161486,0.010291344647865897,0.985861615088881,0.014673855996771118,0.32854263048850285,0.005809686631458445,0.3299971190294748,0.006764167761033871,1.3569000911787334,0.00977054244352014,1.3432839897548696,0.014052274115499643,0.6798630916510877,0.006648363240398087,0.6874194936954634,0.007975563146025764,0.6770369995276457,0.0118179623208447,0.6558644960594062,0.01615784686501842,16.380491075275856,15.023590984097122,16.34453741552916,15.00125342577429,3333,2024-03-02 02:07:28.916494320+00:00,2024030100131,-64,2,1064,3,True,HD38666,0.0,holo4_003,0.22891453600562997,187.06161490201794,0.0,95.33659729208715,102.20713550104068,866.7502377256752,500.89484580386375,3.0769823140019645,55.303393201196805,6.428376116223637,1.1694330003162237,57.88594133513016,0.0,1.14890147494442,3.1.0,2,,30.0,1.14890147494442,-32.3129847542105,34.67071646046469,16.5249996185303,745.25,33.7249984741211,empty,84.808192007755,-416.40612203955396,17.750237725675248,515,1579,849,894,1064,45,2,22666.666666666668,1,1.0,0.0,0.9842377760674166,0.0003591344499571658,0.0,0.0,0.09149157787078031,0.00010897229271607768,0.297739074430902,0.007228992558637915,377.3296253349436,1.7949281427646875,5.159263348512423,0.031968930254355606,1.0,0.0,1.0,0.0,187.25381361932511,0.006789061386069097,-0.4175055429089271,0.0249927165572096,-1.3404546448345478,0.0010856135647833085,0.22907604316602476,7.487262567578477e-05,407.3782468681978,0.2843421083816768,949.0853007896319,0.0,531.5059484674204,0.0,-0.005909708729458259,0.0,0.0,0.0,0.0,0.0,0.0,0.0,4.652472153117535,0.0019162293320579952,-1.8507653299153457,0.006952220664041075,1.0652631875625735,0.011970785712455247,2.096943810382691,0.0006097781518390964,-0.33809514336316726,0.0027370810092147394,0.09986928347600832,0.004330148224805563,22666.666666666544,0.0,949.0853007896319,0.0,531.5059484674204,0.0,-0.005909708729458259,0.0,0.0,0.0,0.0,0.0,0.0,0.0,4.49494427731789,0.0044870403161369156,0.0,0.0,0.0,0.0,1.9457417525941434,0.0015904439615059753,0.0,0.0,0.0,0.0,22666.666666666544,0.0,949.0853007896319,0.0,531.5059484674204,0.0,-0.005909708729458259,0.0,0.0,0.0,0.0,0.0,0.0,0.0,4.967865861125922,0.0,0.0,0.0,0.0,0.0,2.192500749471181,0.0,0.0,0.0,0.0,0.0,22666.666666666544,0.0,1.0,0.0,0.0,0.0,0.09685126672744422,0.0010471662298760808,0.39679070237778996,0.02725161416698358,414.50741602726924,11.929808748073087,5.243176058522023,0.06770825958597852,2.2737247274865786,0.10623005340199092,186.8717787831705,0.011452910949317139,1.1694330003162237,0.0,0.0,0.0,2024-03-02 02:07:28.916494320+00:00,1680.295999,1680.295999
24,g,2024030400188,2024-03-05 05:45:45.267000064,16.306057432295617,15.34282191148203,0.0092907123588354,0.0055936655958317,16.278493533467092,15.356799872327231,0.0136279941236183,0.006092792849586,r,2024030400189,2024-03-05 05:46:32.088997120,15.01919032445711,14.649353494945718,0.0045367915046879,0.003833054115706,14.979563011215738,14.64105257764875,0.0054563070940717,0.0040669304872755,46.821997,1.4664710106487566,1.4707507324529348,2087.0008441349246,3304.6725969458817,3907.5914313277385,2030.1748449927572,2082.684392651248,3305.307892530572,3902.4356188970014,2030.885306093464,0.963235520813587,0.010844649875980694,0.9216936611398605,0.0149279720170337,0.3698368295113923,0.0059392576144615085,0.33851043356698796,0.006805234066007436,1.286867107838507,0.010339236591336188,1.2989305222513536,0.014679697235917099,0.6934684165363123,0.006780958534891798,0.7157472946784811,0.007325438437137891,0.5933986913021947,0.01236451422189918,0.5831832275728726,0.01640596108841202,16.306057432295617,15.01919032445711,16.278493533467092,14.979563011215738,3438,2024-03-05 04:24:14.032999076+00:00,2024030400115,-64,2,1065,3,True,HD111235,0.0,holo4_003,0.22323266564361777,187.2063355943422,0.0,-72.83681070855488,106.93728052851887,875.4355399274331,569.1941437210434,0.7101907312593942,55.131622709323324,5.763503213441484,0.9672107060942429,11.362605044743818,0.0,1.15661826468646,3.1.0,2,,60.0,1.15661826468646,-44.7106970649637,-33.66279119574552,14.5500001907349,743.15,23.6499996185303,empty,253.74267399373178,-416.2724674372371,18.43553992743304,520,1585,857,902,1065,45,2,11333.333333333334,1,1.0,0.0,1.0413567002907362,0.0004461892313169218,0.0,0.0,0.0916724363228371,0.00012254683312234402,0.0,0.006239745734439492,0.0,1.7919206742394298,5.5597009275651965,0.027424347310412874,1.0,0.0,1.0,0.0,187.1969068051156,0.0037161491574097863,0.16949206891140767,0.009176309581482104,-0.7568729749638707,0.0014925927678541512,0.2324475491886928,9.333167740069484e-05,429.8299271099889,0.35464723026262585,949.2440873359633,0.0,532.0067754396118,0.0,-0.006517049160569672,0.0,0.0,0.0,0.0,0.0,0.0,0.0,3.9975221336987907,0.0018998195925826764,-1.7593603694070485,0.004842635654968627,0.9597320771383034,0.009861910970167477,1.8937639733461562,0.0005594679860853358,-0.20278831818330434,0.001851900323937687,0.20505342238996083,0.0033694285105690487,11333.33333333332,0.0,949.2440873359633,0.0,532.0067754396118,0.0,-0.006517049160569672,0.0,0.0,0.0,0.0,0.0,0.0,0.0,5.0336893587753835,0.005895727891665081,0.0,0.0,0.0,0.0,1.9253761524674473,0.0017478264180802523,0.0,0.0,0.0,0.0,11333.33333333332,0.0,949.2440873359633,0.0,532.0067754396118,0.0,-0.006517049160569672,0.0,0.0,0.0,0.0,0.0,0.0,0.0,4.124015391947295,0.0,0.0,0.0,0.0,0.0,1.9302841751486566,0.0,0.0,0.0,0.0,0.0,11333.33333333332,0.0,1.0,0.0,0.0,0.0,0.07240485683434278,0.0011438121565565354,0.37968872540518056,0.04401346716706757,262.1717230661759,12.744357467261093,4.698419374462749,0.0896048183314383,8.904283328877643,0.25803555536359496,186.9348040158126,0.03494434572400853,0.9672107060942429,0.0,0.0,0.0,2024-03-05 04:24:14.032999076+00:00,4891.234001,-4891.234001
25,g,2024030400220,2024-03-05 06:18:17.160504064,16.30496900936711,15.33557543030492,0.009828087325052,0.0054640510418015,16.26133639844798,15.331972055030931,0.0163238452484665,0.0066163357286144,r,2024030400221,2024-03-05 06:19:04.093006080,15.006877246769246,14.668519726740756,0.0046853292223976,0.003924222234984,14.97243067295397,14.649073781371868,0.0062183300115274,0.0043684613780578,46.932502,1.6793228780414644,1.68541962489676,2072.065531470804,1827.5454432427096,3893.011214657751,553.0192371119837,2064.4189009197125,1832.3910572886505,3885.153549245751,557.9841668530195,0.9693935790621904,0.011244872353933585,0.9293643434170491,0.017613739585040474,0.33835752002848984,0.006111614358890433,0.323356891582101,0.007599413328925135,1.2980917625978634,0.010887773435882136,1.2889057254940113,0.017468129603026898,0.6670557035641629,0.006727211453266121,0.6828982736590632,0.00792838907252426,0.6310360590337005,0.012798397725030098,0.6060074518349481,0.019183193298131226,16.30496900936711,15.006877246769246,16.26133639844798,14.97243067295397,3439,2024-03-05 07:08:01.383496615+00:00,2024030400271,-64,2,1064,3,True,HD185975,0.0,holo4_003,0.21900270166902935,186.95873628328565,0.0,-109.09056670970645,102.66872250599222,870.2750498666187,616.5324009389434,37.308904752992746,54.98520179538234,6.441143893478603,0.9636102643545984,10.089150291920028,0.0,2.03320304675736,3.1.0,2,,60.0,2.03320304675736,-87.4735532564645,-107.71485071643546,14.0500001907349,742.25,37.5499992370605,empty,-70.39745639216301,-416.36399581968413,18.2750498666187,516,1580,852,897,1064,45,2,11333.333333333334,1,1.0,0.0,1.1017183227877305,0.0014370537663891297,0.0,0.0,0.0688923476391793,0.00011857451227924143,0.23056828831169188,0.004956042268233737,299.20562057599403,1.2590369430469692,4.660319737620858,0.0146870473520673,1.0,0.0,1.0,0.0,186.95326310138447,0.0035969013183208814,0.5210115923294885,0.016583728013878408,-1.9571453003922632,0.005213106029669326,0.23525457632810842,0.00032649486595063805,622.9923319794426,0.287780065792161,948.8402163293656,0.0,531.5285710508157,0.0,-0.027642368444118874,0.0,0.0,0.0,0.0,0.0,0.0,0.0,5.387485549619884,0.003322502993271321,-2.201209742253107,0.007974047444105993,1.0095424544821503,0.0186794235117356,2.4861821936813007,0.0013854470072806025,-0.4203150989412001,0.003422883346591436,0.24864440446935207,0.008066953364154677,11333.333333333272,0.0,948.8402163293656,0.0,531.5285710508157,0.0,-0.027642368444118874,0.0,0.0,0.0,0.0,0.0,0.0,0.0,4.787613600676805,0.01994443527480446,0.0,0.0,0.0,0.0,1.9133401549965872,0.006477682975110207,0.0,0.0,0.0,0.0,11333.333333333272,0.0,948.8402163293656,0.0,531.5285710508157,0.0,-0.027642368444118874,0.0,0.0,0.0,0.0,0.0,0.0,0.0,5.521247651275151,0.0,0.0,0.0,0.0,0.0,2.543066954661021,0.0,0.0,0.0,0.0,0.0,11333.333333333272,0.0,1.0,0.0,0.0,0.0,0.06731507772365666,0.0006017532364326624,0.42668282316841927,0.02296014080458908,341.4541917538979,6.822452052824078,4.285713462990442,0.043962924423128664,3.9525383286151734,0.09587075218141032,186.75025679208096,0.01117146389347138,0.9636102643545984,0.0,0.0,0.0,2024-03-05 07:08:01.383496615+00:00,2984.222992,2984.222992
26,g,2024030600605,2024-03-07 06:38:41.271994112,16.30373411240318,15.353464393820484,0.0097982758382352,0.0059848677755882,16.273462859397142,15.391789062793697,0.0156350455964769,0.0084110352972874,r,2024030600606,2024-03-07 06:39:27.882006016,14.993267100032543,14.680823064372191,0.0047668336926139,0.0042266217225979,14.978234453350971,14.65660560709228,0.0058940755310557,0.0051429680931788,46.610011,1.938623059387787,1.9471045951086432,1640.8614172857383,3225.439788675604,3461.6562831214565,1951.754113777038,1636.7127337771387,3228.515448261317,3456.0487925155107,1954.7913740807844,0.950269718582696,0.011481500411244943,0.8816737966034456,0.01775387748003591,0.31244403566035217,0.006370795447899384,0.32162884625869204,0.007822419521685392,1.310467012370637,0.010896279771334012,1.2952284060461707,0.01670912257330412,0.6726413294482931,0.007326866552436347,0.7351834557014172,0.009858784690805948,0.6378256829223439,0.01313057067809291,0.5600449503447535,0.019400783817912385,16.30373411240318,14.993267100032543,16.273462859397142,14.978234453350971,3549,2024-03-07 06:57:07.169508732+00:00,2024030600623,-64,2,1064,3,True,HD185975,0.0,holo4_003,0.2165150325455018,186.9614817656455,0.0,-109.6165396049644,97.35629203566064,875.5546038570193,616.5324009389434,0.6552959743760041,52.46345541368224,8.90197829086578,1.0418051999721365,8.239990946483388,0.0,2.03468445608581,3.1.0,2,,60.0,2.03468445608581,-87.4662072001134,-108.24177609569351,13.8999996185303,742.55,9.07499980926514,empty,-69.57526702275601,-417.91283742867057,18.554603857019245,512,1576,857,902,1064,45,2,11333.333333333334,1,1.0,0.0,1.1911935750864167,0.0018001760028290373,0.0,0.0,0.09911559611962087,0.00011534454355671235,0.4657949165846681,0.0036875209913824984,279.78480953463543,1.255905108030147,7.167848823730007,0.0213918489703933,1.0,0.0,1.0,0.0,186.91222019482103,0.004707887331249105,0.9763981371400472,0.022746421135988206,-1.7406861357186034,0.00762974723014638,0.23866005832967713,0.00048123742151880947,627.0991485788597,0.41708310619833844,950.4654680017431,0.0,531.5286930495964,0.0,-0.027590475057441086,0.0,0.0,0.0,0.0,0.0,0.0,0.0,8.536124976340078,0.006638093949782588,-2.8463026509710847,0.01650106361650166,1.3973422641397948,0.038261772802869444,3.048371517072828,0.0026015905266346963,-0.3904078525828599,0.006774954880549207,0.47288658148351215,0.01583947518412796,11333.333333333416,0.0,950.4654680017431,0.0,531.5286930495964,0.0,-0.027590475057441086,0.0,0.0,0.0,0.0,0.0,0.0,0.0,6.432384569483754,0.03188806376821911,0.0,0.0,0.0,0.0,1.968598812733473,0.008659377640353322,0.0,0.0,0.0,0.0,11333.333333333416,0.0,950.4654680017431,0.0,531.5286930495964,0.0,-0.027590475057441086,0.0,0.0,0.0,0.0,0.0,0.0,0.0,8.636853169123897,0.0,0.0,0.0,0.0,0.0,3.090574042654635,0.0,0.0,0.0,0.0,0.0,11333.333333333416,0.0,1.0,0.0,0.0,0.0,0.09673256487997754,0.0005991162597971845,0.6632610674801612,0.016427167491890764,341.90039921002494,6.758578342903467,6.3203042709262025,0.05689558429740295,1.6093224807721171,0.06941274447615024,186.81753559540002,0.006936976603905516,1.0418051999721365,0.0,0.0,0.0,2024-03-07 06:57:07.169508732+00:00,1105.897514,1105.897514
27,g,2024030700242,2024-03-08 04:41:27.774500096,16.321932317243068,15.377736601128952,0.0091475695605165,0.0054232775978986,16.311867176324096,15.368678103544273,0.0152290618701892,0.0072184125926431,r,2024030700243,2024-03-08 04:42:14.701498880,15.02079867490166,14.671679292540922,0.0044752329333138,0.003840117138874,14.995442149868406,14.656756055847298,0.0058534157716414,0.0047592525314307,46.926998,1.243220632401228,1.245758136459466,1060.627493854421,1717.1033110786582,2881.8921302618887,443.2012043400587,1055.9833038521874,1719.574762291742,2876.728681488193,445.6847555413965,0.9441957161141161,0.010634376745646962,0.9431890727798233,0.01685318384767932,0.3491193823607386,0.005896966122311564,0.3386860940211083,0.0075440679247757185,1.3011336423414068,0.010183601458811342,1.3164250264556898,0.016315232196991585,0.7060573085880293,0.0066451816787912316,0.7119220476969748,0.008646153191770199,0.5950763337533775,0.012159941538348247,0.6045029787587151,0.018464635567952834,16.321932317243068,15.02079867490166,16.311867176324096,14.995442149868406,3614,2024-03-08 04:01:15.787001569+00:00,2024030700200,-64,2,1064,3,True,HD111235,0.0,holo4_003,0.22264063455235011,187.00064722894183,0.0,-75.69803566983795,100.9128329893216,872.3855353572177,569.1941437210434,0.25409727055493014,55.364596555632104,6.477203563018758,0.9863396802431682,17.05564704675236,0.0,1.18006413218727,3.1.0,2,,60.0,1.18006413218727,-44.7096748412819,-36.45563007880651,13.4250001907349,744.35,32.8250007629395,empty,256.5504726042376,-417.1981537323252,18.385535357217734,515,1579,854,899,1064,45,2,11333.333333333334,1,1.0,0.0,1.0344555496536483,0.0004339106091337045,0.0,0.0,0.10409509576194241,0.00011852596041516536,0.0,0.005195119776677998,5.53231660485226,1.7121431612950417,7.529248177624081,0.031840314064761274,1.0,0.0,1.0,0.0,187.17228698150612,0.0036013467026421685,-0.2161846431756299,0.010074320526969027,-0.8275359660623304,0.0014591147766631481,0.23101862714048055,9.15498305047994e-05,447.80853295573974,0.3236516861922904,949.68949502578,0.0,531.5074499859338,0.0,-0.0071617460774146035,0.0,0.0,0.0,0.0,0.0,0.0,0.0,5.23030283071522,0.002472975729248064,-1.4471684686506001,0.0067035706080421885,0.745040473342552,0.01300110495099635,2.347156447192976,0.0008768668730383461,-0.09653949030066648,0.003039909405989833,0.2404579748726031,0.005338329353011372,11333.333333333416,0.0,949.68949502578,0.0,531.5074499859338,0.0,-0.0071617460774146035,0.0,0.0,0.0,0.0,0.0,0.0,0.0,5.670597778345034,0.006553750501873469,0.0,0.0,0.0,0.0,2.171027369009032,0.0021190687548789406,0.0,0.0,0.0,0.0,11333.333333333416,0.0,949.68949502578,0.0,531.5074499859338,0.0,-0.0071617460774146035,0.0,0.0,0.0,0.0,0.0,0.0,0.0,5.42138970945488,0.0,0.0,0.0,0.0,0.0,2.4128720399111296,0.0,0.0,0.0,0.0,0.0,11333.333333333416,0.0,1.0,0.0,0.0,0.0,0.09645824997190276,0.0010492147074772896,0.20213831021959588,0.027608237630234678,228.59016019575472,12.025501337411729,6.765006185230603,0.09393883838962212,3.2564753940466717,0.13456600031451108,186.9109319875251,0.013333778737860494,0.9863396802431682,0.0,0.0,0.0,2024-03-08 04:01:15.787001569+00:00,2411.987499,-2411.987499
28,g,2024030700302,2024-03-08 05:39:54.095493888,16.302930196262476,15.35352947612338,0.0086810837828422,0.005488456193558,16.283949744895196,15.37030845527842,0.0140164718665004,0.0073656945957161,r,2024030700303,2024-03-08 05:40:40.839002112,14.993383254226757,14.690472200033016,0.0045606926564026,0.004020933963232,14.9872964266572,14.673428306438938,0.0054651865155903,0.0048361124338264,46.743508,1.4996575685718907,1.5042009664716738,1630.6116574952769,3181.492669391842,3451.918872742205,1907.531170501076,1626.824948669156,3182.300946484211,3447.386697622962,1908.206451183023,0.9494007201390957,0.01027055826298313,0.9136412896167752,0.015833980562756752,0.302911054193741,0.0060801173872580124,0.31386812021826316,0.007297687792910872,1.3095469420357198,0.009806178315270963,1.2966533182379951,0.015044259610714887,0.663057276090365,0.006803753473287945,0.6968801488394831,0.00881143804097672,0.6464896659453547,0.011935333865299632,0.599773169398512,0.017434769501905062,16.302930196262476,14.993383254226757,16.283949744895196,14.9872964266572,3615,2024-03-08 06:40:03.106004286+00:00,2024030700360,-64,2,1064,3,True,HD111235,0.0,holo4_003,0.22759899152200735,187.70552008760922,0.0,11.414371461940497,92.44366008794626,871.9342990781462,569.1941437210434,0.026136654682252045,58.03462514797228,4.981066573690807,-0.7175232761261627,11.969697085379302,0.0,1.03413344342099,3.1.0,2,,60.0,1.03413344342099,-44.7153819267806,3.3341953568134977,12.875,743.45,30.6375007629395,empty,170.0783694261898,-418.37005852934874,18.93429907814624,513,1577,853,898,1064,45,2,11333.333333333334,1,1.0,0.0,1.034958372314697,0.0004964640714182624,0.0,0.0,0.10242505651104258,0.00015037879378628668,0.0,0.007084323969799054,0.0,2.2336643157263065,8.355515361432891,0.04103679373681999,1.0,0.0,1.0,0.0,187.67354125835573,0.0033239096304302843,-0.9130823130910689,0.004589079331653214,-0.6657836732781579,0.001055857349322085,0.22779962754237684,6.206683081988839e-05,27.907882214949193,0.6459205355177919,949.1554517472254,0.0,531.5000840731396,0.0,-0.0001338037444318308,0.0,0.0,0.0,0.0,0.0,0.0,0.0,3.3766425075332593,0.001643176030618077,-0.6867305872047275,0.006850605633197473,1.3410517405589117,0.011681377109694316,1.9998791591653315,0.0005954142663410373,-0.014207760291676782,0.002785791617363276,0.3513058333457145,0.004561335029676549,11333.333333333416,0.0,949.1554517472254,0.0,531.5000840731396,0.0,-0.0001338037444318308,0.0,0.0,0.0,0.0,0.0,0.0,0.0,3.343779793854139,0.006133766389079001,0.0,0.0,0.0,0.0,1.8084997286069093,0.0017998924877482886,0.0,0.0,0.0,0.0,11333.333333333416,0.0,949.1554517472254,0.0,531.5000840731396,0.0,-0.0001338037444318308,0.0,0.0,0.0,0.0,0.0,0.0,0.0,3.52035827748049,0.0,0.0,0.0,0.0,0.0,2.0540776266901015,0.0,0.0,0.0,0.0,0.0,11333.333333333416,0.0,1.0,0.0,0.0,0.0,0.08640352097545859,0.0011902360996705783,0.5422869367758983,0.03801841387931444,292.2656610682182,13.646098814508019,8.569394289540977,0.11278968281897804,5.627875657783956,0.1325813583870924,187.49533661192663,0.018405665794711354,-0.7175232761261627,0.0,0.0,0.0,2024-03-08 06:40:03.106004286+00:00,3609.01051,3609.01051
29,g,2024030800495,2024-03-09 04:38:35.756494080,16.301214336028302,15.358591059305262,0.0083402595382,0.0052026483127629,16.308324113823925,15.35868174260548,0.0147626997259903,0.0070446455838781,r,2024030800496,2024-03-09 04:39:22.460495104,15.00696425555418,14.653078885873104,0.0044561942757935,0.0038665492303469,14.99738301744108,14.6528751128737,0.0057566716981002,0.0046722499439229,46.704001,1.246740628372508,1.2492922874537986,1185.3290764469173,1626.548153318412,3006.604769446686,352.37256367359134,1178.7989432056631,1628.285180311174,3000.066531753361,353.94917309995105,0.9426232767230402,0.009829927702217892,0.9496423712184452,0.01635739388173456,0.35388536968107687,0.0058998195204862805,0.3445079045673811,0.00741412089044921,1.2942500804741215,0.009456087805649376,1.3109410963828445,0.015845395931924893,0.7055121734321581,0.006482110182416745,0.7058066297317804,0.008453221335144416,0.5887379070419634,0.011464525677285635,0.6051344666510641,0.01795921833433746,16.301214336028302,15.00696425555418,16.308324113823925,14.99738301744108,3666,2024-03-09 03:54:57.528990868+00:00,2024030800449,-64,2,1064,3,True,HD111235,0.0,holo4_003,0.2262388939625093,187.09126251543785,0.0,-76.28364986479465,101.94604549270669,874.904701619757,569.1941437210434,0.5314959995066477,55.96293832034834,5.473372808909269,0.9912694416191975,11.631850802405463,0.0,1.18539087928562,3.1.0,2,,60.0,1.18539087928562,-44.7078264606945,-37.05225054649049,14.2749996185303,744.65,24.5,empty,257.1228201797515,-416.20309719013477,18.904701619757034,515,1579,856,901,1064,45,2,11333.333333333334,1,1.0,0.0,1.0344390750964907,0.00044627839156170877,0.0,0.0,0.07542417650546127,0.000122834451246569,0.0,0.007345365205786301,20.04436544330856,1.7510998214410745,4.034435196085385,0.02241526049587294,1.0,0.0,1.0,0.0,187.3476290404021,0.0038833117462238427,-1.1495170726316535,0.008181582260651611,-0.9688310076641304,0.0014014055482437315,0.23320881006086938,8.878737967997512e-05,438.0981704501626,0.29709589236497047,948.7002413931422,0.0,531.5075241593521,0.0,-0.00727612243053453,0.0,0.0,0.0,0.0,0.0,0.0,0.0,3.8822590157740002,0.0017523521994014357,-1.0611656044035198,0.004790842318034443,0.9486631502702437,0.009460800669283002,1.9841360209966612,0.0005723889156237548,-0.15243813580555826,0.0019621684225988806,0.15925153587379784,0.0035151267149796175,11333.333333333272,0.0,948.7002413931422,0.0,531.5075241593521,0.0,-0.00727612243053453,0.0,0.0,0.0,0.0,0.0,0.0,0.0,4.335625933486688,0.005004666594361036,0.0,0.0,0.0,0.0,1.9340585450961933,0.001747644132482399,0.0,0.0,0.0,0.0,11333.333333333272,0.0,948.7002413931422,0.0,531.5075241593521,0.0,-0.00727612243053453,0.0,0.0,0.0,0.0,0.0,0.0,0.0,4.008993182973594,0.0,0.0,0.0,0.0,0.0,2.028543979137322,0.0,0.0,0.0,0.0,0.0,11333.333333333272,0.0,1.0,0.0,0.0,0.0,0.05884350064131802,0.0011539108727753797,0.0,0.05311915214436412,331.83242385679523,12.842148639926364,3.481917482477073,0.07813288181018563,9.527650689544418,0.2911821805174972,187.02939546469207,0.04100054675599829,0.9912694416191975,0.0,0.0,0.0,2024-03-09 03:54:57.528990868+00:00,2618.227504,-2618.227504
30,g,2024040800449,2024-04-09 03:54:00.845507072,16.29568629312702,15.360717657130262,0.008644584559607,0.0053938624777201,16.3077537101616,15.364155264189954,0.0138547100639193,0.0071732775766906,r,2024040800450,2024-04-09 03:54:47.748507904,15.043892734939105,14.665118680955242,0.0045572091545427,0.0039740685631869,15.003195624690315,14.663289314603135,0.0054312217852003,0.0046576377462348,46.903,1.627952280681313,1.633595672390534,670.4878860959155,2951.800734406269,2491.827550256619,1678.4316529472085,665.7714351557671,2953.0633741626466,2486.840266490258,1679.7117811876317,0.9349686359967571,0.010189337301157154,0.9435984459716451,0.015601567297791556,0.37877405398386266,0.0060466003856016635,0.33990631008718,0.007154841679253673,1.2517935581879147,0.009772256519680783,1.3045580854712835,0.014881235198574783,0.6955989761750203,0.006699774128540992,0.7008659495868184,0.008552748129543122,0.5561945820128944,0.011848374186356151,0.6036921358844651,0.01716393491023269,16.29568629312702,15.043892734939105,16.3077537101616,15.003195624690315,4467,2024-04-09 04:48:43.871506199+00:00,2024040800503,-64,2,1064,3,True,HD185975,0.0,holo4_003,0.22819324110022615,187.26427356791163,0.0,-109.22889338349331,99.57558363406174,876.4599701281462,616.5324009389434,1.6725341730820207,53.35566279156283,7.27894534392911,0.24942062389524866,9.76442447462466,0.0,2.03394099442533,3.1.0,2,,60.0,2.03394099442533,-87.4668685252472,-107.8508578309965,13.3500003814697,744.35,24.2250003814697,empty,-69.89586343780502,-418.6307991965505,18.459970128146267,516,1580,858,903,1064,45,2,11333.333333333334,1,1.0,0.0,1.0999654943132218,0.0014354223480815313,0.0,0.0,0.04721903119668279,0.00011483116049384301,0.0,0.00690396637318177,255.18770512121327,1.2304348214677585,3.0760242796147828,0.012343008721375207,1.0,0.0,1.0,0.0,187.19226729679892,0.003132800172609254,0.24932207292274458,0.00702784720864072,-1.6591901590017049,0.006842026428245993,0.23859276594687817,0.0004298470669283683,633.9717671331103,0.37853099658227524,950.3922892901712,0.0,531.5299066978839,0.0,-0.028745022951104777,0.0,0.0,0.0,0.0,0.0,0.0,0.0,5.966811940451655,0.003722023586137973,-1.706232746889936,0.008939455974922182,1.0916035109635693,0.0209735934226919,2.3939225570563645,0.0013189103196969254,-0.160057357866291,0.0033000964932096742,0.16885716883729388,0.0076849084904284815,11333.333333333272,0.0,950.3922892901712,0.0,531.5299066978839,0.0,-0.028745022951104777,0.0,0.0,0.0,0.0,0.0,0.0,0.0,7.527850293262915,0.04164814943182415,0.0,0.0,0.0,0.0,2.4473662612102123,0.014219962950580083,0.0,0.0,0.0,0.0,11333.333333333272,0.0,950.3922892901712,0.0,531.5299066978839,0.0,-0.028745022951104777,0.0,0.0,0.0,0.0,0.0,0.0,0.0,6.043687471516098,0.0,0.0,0.0,0.0,0.0,2.4185046793147915,0.0,0.0,0.0,0.0,0.0,11333.333333333272,0.0,1.0,0.0,0.0,0.0,0.041170392367436685,0.000615115575735176,0.0,0.03452301038643436,346.05296884362895,6.93005961731433,2.6780893173175255,0.03362099456491967,1.97873527095751,0.0802256734284298,187.03120194736036,0.009673540811396934,0.24942062389524866,0.0,0.0,0.0,2024-04-09 04:48:43.871506199+00:00,3283.025999,3283.025999
31,g,2024040900474,2024-04-10 02:47:35.523502080,16.322752665184115,15.35856770831458,0.0091155983174557,0.0057670219361385,16.309479102862696,15.352753611374446,0.0133703128372434,0.0071176532113594,r,2024040900475,2024-04-10 02:48:22.445504000,15.017072173614396,14.670720796996086,0.004553550913633,0.0040758696004794,14.988787254136504,14.678653534096394,0.0053032047577171,0.0048663196935087,46.922001,1.298800390013681,1.3017650769554276,1074.3825776031829,2807.360640706293,2895.935234744218,1533.3611902027249,1068.949797132607,2807.190792227752,2889.802048464569,1533.1549590634108,0.964184956869536,0.010786689700603418,0.9567254914882497,0.01514682318517419,0.34635137661831017,0.006111263283737662,0.31013372004010975,0.007197572372800699,1.3056804915697189,0.010189649582210818,1.3206918487261916,0.014383645089754855,0.6878469113184931,0.007061958298660136,0.6741000772780517,0.008622183864694918,0.6178335802512258,0.012397589024494395,0.64659177144814,0.016769952315514623,16.322752665184115,15.017072173614396,16.309479102862696,14.988787254136504,4510,2024-04-10 02:03:21.717497968+00:00,2024040900430,-64,2,1064,3,True,HD38666,0.0,holo4_003,0.2615387752844608,185.9138779737568,0.0,109.03283429556569,92.89235017353302,868.5835770299844,500.89484580386375,9.527468522221033,111.3908041254657,5.84431392678189,-0.08687944408404806,75.54617885351125,0.0,2.01547656141496,3.1.0,2,,30.0,2.01547656141496,-32.3187889695605,72.07983504518481,14.0500001907349,742.55,30.4500007629395,empty,71.164338575773,-417.84738182035284,15.58357702998444,511,1575,853,898,1064,45,2,22666.666666666668,1,1.0,0.0,0.9829017554230595,0.0002983354857574863,0.0,0.0,0.04961916998453885,5.479021259053132e-05,0.2060035404472109,0.004793967916993533,312.4249931489659,0.76595142401058,4.744585459792449,0.013855787157306928,1.0,0.0,1.0,0.0,187.39464720908225,0.0021758133818703114,-0.03497736949466403,0.0008686711955804778,-3.7313067219005838,0.0016468119722959553,0.23822348213827055,0.00012101028358780162,624.9363526446549,0.07944523477156103,949.3060886110563,0.0,531.5274599553869,0.0,-0.028303199054431124,0.0,0.0,0.0,0.0,0.0,0.0,0.0,5.2286435401747635,0.0018062728946138778,-2.2081193520154225,0.004233608096404896,0.1410693896513811,0.00909107659135454,2.2800809392496406,0.0005973664874150161,-0.4475126710424244,0.0015779843490996738,-0.22144481356735268,0.0031014108920213272,22666.66666666683,0.0,949.3060886110563,0.0,531.5274599553869,0.0,-0.028303199054431124,0.0,0.0,0.0,0.0,0.0,0.0,0.0,5.9964084644975095,0.007726055465140378,0.0,0.0,0.0,0.0,2.332799710772498,0.0028175598406130183,0.0,0.0,0.0,0.0,22666.66666666683,0.0,949.3060886110563,0.0,531.5274599553869,0.0,-0.028303199054431124,0.0,0.0,0.0,0.0,0.0,0.0,0.0,5.483646604265456,0.0,0.0,0.0,0.0,0.0,2.3520903559054767,0.0,0.0,0.0,0.0,0.0,22666.66666666683,0.0,1.0,0.0,0.0,0.0,0.047213757420667704,0.000746074473779463,1.6068132580291867,0.08842999604567765,587.4638063060984,9.355123724010195,0.0,0.021607520192242668,8.441039403441096,0.35051857460205216,187.58478611689375,0.04667582309542133,-0.08687944408404806,0.0,0.0,0.0,2024-04-10 02:03:21.717497968+00:00,2653.806005,-2653.806005
32,g,2024041000466,2024-04-11 03:06:13.103493888,16.332305061405748,15.359157870978056,0.0092099351835381,0.0054162749346745,16.313979907124054,15.366090148172855,0.0147825071864635,0.0070621971018657,r,2024041000467,2024-04-11 03:07:00.004000000,15.000857030415624,14.668681611936238,0.0042549897962805,0.0036359338226763,14.995165398467773,14.651015658197228,0.0057575991063342,0.0045975606875727,46.900506,1.3947639877368263,1.3984775692149254,1555.9324896736846,1732.0075080101233,3377.2608644218512,457.9738390575412,1551.1690323089197,1733.7875543257214,3371.7059867960056,459.4882600470574,0.9731471904276923,0.01068451871882661,0.9478897589511988,0.016382830848893158,0.3321754184793857,0.00559686992249531,0.3441497402705451,0.007368005954474679,1.3314480309901242,0.010145336083709803,1.3188145086562812,0.015864188166657172,0.6904762590418176,0.006523499745601647,0.7150744899756276,0.008426873214989902,0.6409717719483066,0.012061670414262234,0.6037400186806536,0.01796342557444486,16.332305061405748,15.000857030415624,16.313979907124054,14.995165398467773,4572,2024-04-11 04:16:46.557999694+00:00,2024041000522,-64,2,1064,3,True,HD111235,0.0,holo4_003,0.2295382380948706,187.88487446151038,0.0,3.2344318939963275,92.0406987968699,872.3808981627619,569.1941437210434,0.03845917820453522,57.59806680142263,5.380105302097617,-1.3963451462095322,15.942350218816802,0.0,1.03321714520957,3.1.0,2,,60.0,1.03321714520957,-44.7160798246725,0.9363644669335606,10.8000001907349,742.1,29.6000003814697,empty,178.25547632557618,-419.0294944065825,18.380898162761895,513,1577,854,899,1064,45,2,11333.333333333334,1,1.0,0.0,1.0154829492420203,0.0004807749843787971,0.0,0.0,0.08637647763034775,0.00014955134486429957,0.0,0.008200538456373415,0.0,2.178799504849312,8.456979003612393,0.038526243338741537,1.0,0.0,1.0,0.0,187.9458332888941,0.003826095465210921,-1.9999949154961398,0.011258128864190312,-0.7193481061841691,0.0011060238929868468,0.22971013848965816,6.577941202165389e-05,8.007953842235635,0.6620627176264339,949.1362718886761,0.0,531.499927915271,0.0,7.072073616093827e-06,0.0,0.0,0.0,0.0,0.0,0.0,0.0,3.694227995364993,0.0017765242531298376,0.21298903500184568,0.007735147537622604,1.6101035295853703,0.012631830746935383,2.0788694985496385,0.0006529820641199347,0.2960598950289145,0.00317535299244805,0.5076842065648821,0.004956111128627448,11333.333333333272,0.0,949.1362718886761,0.0,531.499927915271,0.0,7.072073616093827e-06,0.0,0.0,0.0,0.0,0.0,0.0,0.0,3.9720267611610582,0.007017189158877713,0.0,0.0,0.0,0.0,1.8986746024859495,0.0018985763662724047,0.0,0.0,0.0,0.0,11333.333333333272,0.0,949.1362718886761,0.0,531.499927915271,0.0,7.072073616093827e-06,0.0,0.0,0.0,0.0,0.0,0.0,0.0,3.8779912865823407,0.0,0.0,0.0,0.0,0.0,2.1493536827073996,0.0,0.0,0.0,0.0,0.0,11333.333333333272,0.0,1.0,0.0,0.0,0.0,0.06986664295745286,0.0011975096975902655,0.4332491933071823,0.0458694247728207,315.12627760011065,13.704443765970524,9.98898277722388,0.12131456235722403,5.693058898656507,0.1280740006346528,187.6753871600496,0.0170603366087232,-1.3963451462095322,0.0,0.0,0.0,2024-04-11 04:16:46.557999694+00:00,4233.454505,4233.454505
33,g,2024041600402,2024-04-17 02:29:58.287004928,16.328180735420382,15.334356164533336,0.0077839303614996,0.0049052957462287,16.299221368911606,15.33455438683761,0.0140158724564216,0.0070420628463395,r,2024041600407,2024-04-17 02:34:38.413492992,15.001867515932792,14.675637585502244,0.0041475087713607,0.0036564801712329,14.999109734697107,14.662901151913196,0.0053543698569137,0.0047735806051439,280.126488,1.338391752953926,1.3580009773423936,1591.1823277877747,3181.408389409444,3412.2315010740954,1907.3034969145144,1027.6769695587316,3190.069755531539,2849.0908552277406,1915.865606288786,0.9938245708870461,0.009200624882617739,0.9646669820739966,0.015685513375292275,0.32622993043054827,0.005529165963428239,0.33620858278391097,0.007173308048483074,1.3263132194875897,0.008819943360429773,1.300111634214499,0.015003798095125904,0.6587185790310919,0.006118151158690733,0.6716532349244133,0.008507509678254923,0.6675946404564979,0.010734205815139656,0.6284583992900856,0.01724794707218528,16.328180735420382,15.001867515932792,16.299221368911606,14.999109734697107,4607,2024-04-17 01:33:06.067505810+00:00,2024041600344,-64,2,1064,3,True,HD111235,0.0,holo4_003,0.22011390946510842,186.73018198313318,0.0,-73.37181774157402,100.89648451160808,875.590096017646,569.1941437210434,0.3750809436844155,59.00217873523425,4.25164116534034,1.506147416879187,42.18436935903695,0.0,1.16072163160913,3.1.0,2,,60.0,1.16072163160913,-44.7124474509439,-34.17133292629053,11.0,745.85,19.5249996185303,empty,254.2880598396141,-416.4119124614228,18.59009601764602,513,1577,857,902,1064,45,2,11333.333333333334,1,1.0,0.0,1.0244433843614016,0.00046537679394848875,0.0,0.0,0.07349354668397075,0.0001456735701918206,0.0,0.008517991674919175,67.26418589107926,1.9636642500868169,4.773785459916898,0.024919514040202064,1.0,0.0,1.0,0.0,186.89357080109957,0.0036995248545096705,0.9846453611370131,0.008604184853397093,-0.905418248202076,0.0011622910141562994,0.23064795096489057,7.463627156016241e-05,431.1662013143006,0.25738818036343586,949.4230868524521,0.0,531.506745343462,0.0,-0.006506669209524185,0.0,0.0,0.0,0.0,0.0,0.0,0.0,2.9299382360953596,0.0012758173489567867,0.2025678416557322,0.00377984592439839,0.5525809235971803,0.006752255843101063,2.0096201850456596,0.0005309027820351633,0.2209070785576983,0.0020544818410476646,0.15297364134738162,0.0032966539533934485,11333.333333333416,0.0,949.4230868524521,0.0,531.506745343462,0.0,-0.006506669209524185,0.0,0.0,0.0,0.0,0.0,0.0,0.0,3.2974803133400643,0.0033767061039371364,0.0,0.0,0.0,0.0,1.8582547912289031,0.0012889891565270877,0.0,0.0,0.0,0.0,11333.333333333416,0.0,949.4230868524521,0.0,531.506745343462,0.0,-0.006506669209524185,0.0,0.0,0.0,0.0,0.0,0.0,0.0,3.148512732454511,0.0,0.0,0.0,0.0,0.0,2.1073873384324298,0.0,0.0,0.0,0.0,0.0,11333.333333333416,0.0,1.0,0.0,0.0,0.0,0.07648425460824725,0.001116097963933115,0.0,0.03518966034476867,292.02615341879846,12.448658100122485,4.281035799601739,0.07635184218458355,3.3501542031787546,0.13964907780164634,186.7814124332949,0.017431176391829572,1.506147416879187,0.0,0.0,0.0,2024-04-17 01:33:06.067505810+00:00,3412.2195,-3412.2195
34,g,2024041600438,2024-04-17 03:05:33.175506944,16.306208284448907,15.32969857798729,0.008706822521849,0.0050073860815591,16.297717416619655,15.360104989353234,0.0164384913367377,0.0075155778700092,r,2024041600443,2024-04-17 03:10:19.896494080,14.995518941033952,14.68351481703976,0.0042835672103786,0.0036615765591805,14.999020063908713,14.650740794034409,0.0058475700376435,0.0047047654165087,286.720987,1.516733570322089,1.5456504418860864,1007.4693900398491,1697.9227108373618,2829.149031351989,423.8281672196818,442.898141633832,1703.6328371122306,2264.205327379422,430.3850467723847,0.9765097064616164,0.010044036728167055,0.937612427266421,0.01807506315751545,0.31200412399419264,0.005635254292804435,0.348279269874304,0.007505257688415654,1.3106893434149551,0.00970348939674835,1.298697352710942,0.0174475807140459,0.6461837609475314,0.006203310266989061,0.709364195318825,0.008866720269893952,0.6645055824674237,0.011516890411102276,0.589333157392117,0.019571325992831828,16.306208284448907,14.995518941033952,16.297717416619655,14.999020063908713,4608,2024-04-17 04:32:33.143998400+00:00,2024041600513,-64,2,1064,3,True,HD185975,0.0,holo4_003,0.21311091873740423,186.9419103011394,0.0,-105.48391816428656,100.77486511744401,877.8204485350494,616.5324009389434,0.8158775817861906,51.0354388197597,9.471126870350483,1.0099973649250502,14.718778492131142,0.0,2.02383511644775,3.1.0,2,,60.0,2.02383511644775,-87.4640606457932,-104.07245586441746,11.6499996185303,746.0,13.5249996185303,empty,-73.99064372955598,-416.3799540157631,18.820448535049394,514,1578,859,904,1064,45,2,11333.333333333334,1,1.0,0.0,1.0897084738156129,0.001500939384457922,0.0,0.0,0.07004376256661639,0.00011714932434541038,0.0,0.004917500981152099,275.01513274491225,1.2403351960299775,4.693792777846415,0.016456893378782922,1.0,0.0,1.0,0.0,186.87236175947578,0.004954349467893083,1.1811184207332581,0.022459791685841175,-1.4370237798295802,0.008019961653040036,0.23658419063470024,0.0005059516897577633,637.9019787215669,0.44793135500442777,948.8991381331352,0.0,531.5290707995548,0.0,-0.027903990665157526,0.0,0.0,0.0,0.0,0.0,0.0,0.0,9.035666022933022,0.007131859624736641,-2.5750231172256255,0.01735975204620331,1.6114521696679196,0.0407559362475107,3.081512995933355,0.0026879609429448967,-0.26270319489098565,0.006709799010159306,0.30380936153063853,0.01573748778361831,11333.333333333268,0.0,948.8991381331352,0.0,531.5290707995548,0.0,-0.027903990665157526,0.0,0.0,0.0,0.0,0.0,0.0,0.0,10.980201182299036,0.07959468767773492,0.0,0.0,0.0,0.0,3.1707439679567626,0.028908712934758125,0.0,0.0,0.0,0.0,11333.333333333268,0.0,948.8991381331352,0.0,531.5290707995548,0.0,-0.027903990665157526,0.0,0.0,0.0,0.0,0.0,0.0,0.0,9.25451818067736,0.0,0.0,0.0,0.0,0.0,3.156468659073895,0.0,0.0,0.0,0.0,0.0,11333.333333333268,0.0,1.0,0.0,0.0,0.0,0.0669628420983528,0.000622392575577598,0.0,0.02123496249172466,311.12701515310755,7.0239138234209975,3.8633630054360335,0.04185669915466557,1.636660568145752,0.07540237917013375,186.88862405564612,0.008358949486105029,1.0099973649250502,0.0,0.0,0.0,2024-04-17 04:32:33.143998400+00:00,5219.968491,5219.968491
35,g,2024041600442,2024-04-17 03:09:32.939991040,16.287761534573548,15.36792760044778,0.008258498639228,0.0049214618177761,16.29154497863546,15.351234858741108,0.0154565770789016,0.0072472258984453,r,2024041600443,2024-04-17 03:10:19.896494080,14.995518941033952,14.68351481703976,0.0042835672103786,0.0036615765591805,14.999020063908713,14.650740794034409,0.0058475700376435,0.0047047654165087,46.956503,1.5407445391102526,1.5456504418860864,449.0049525096044,1702.7224081604336,2270.748040533917,429.7009570518298,442.898141633832,1703.6328371122306,2264.205327379422,430.3850467723847,0.9198339341257675,0.009613718645662496,0.9403101198943524,0.01707126410723947,0.31200412399419264,0.005635254292804435,0.348279269874304,0.007505257688415654,1.292242593539596,0.009303319182956233,1.292524914726748,0.016525732974400027,0.6844127834080211,0.006134160849094857,0.7004940647066995,0.008640434065917786,0.6078298101315749,0.011143593547080295,0.5920308500200484,0.018648242576410384,16.287761534573548,14.995518941033952,16.29154497863546,14.999020063908713,4608,2024-04-17 04:32:33.143998400+00:00,2024041600513,-64,2,1064,3,True,HD185975,0.0,holo4_003,0.21311091873740423,186.9419103011394,0.0,-105.48391816428656,100.77486511744401,877.8204485350494,616.5324009389434,0.8158775817861906,51.0354388197597,9.471126870350483,1.0099973649250502,14.718778492131142,0.0,2.02383511644775,3.1.0,2,,60.0,2.02383511644775,-87.4640606457932,-104.07245586441746,11.6499996185303,746.0,13.5249996185303,empty,-73.99064372955598,-416.3799540157631,18.820448535049394,514,1578,859,904,1064,45,2,11333.333333333334,1,1.0,0.0,1.0897084738156129,0.001500939384457922,0.0,0.0,0.07004376256661639,0.00011714932434541038,0.0,0.004917500981152099,275.01513274491225,1.2403351960299775,4.693792777846415,0.016456893378782922,1.0,0.0,1.0,0.0,186.87236175947578,0.004954349467893083,1.1811184207332581,0.022459791685841175,-1.4370237798295802,0.008019961653040036,0.23658419063470024,0.0005059516897577633,637.9019787215669,0.44793135500442777,948.8991381331352,0.0,531.5290707995548,0.0,-0.027903990665157526,0.0,0.0,0.0,0.0,0.0,0.0,0.0,9.035666022933022,0.007131859624736641,-2.5750231172256255,0.01735975204620331,1.6114521696679196,0.0407559362475107,3.081512995933355,0.0026879609429448967,-0.26270319489098565,0.006709799010159306,0.30380936153063853,0.01573748778361831,11333.333333333268,0.0,948.8991381331352,0.0,531.5290707995548,0.0,-0.027903990665157526,0.0,0.0,0.0,0.0,0.0,0.0,0.0,10.980201182299036,0.07959468767773492,0.0,0.0,0.0,0.0,3.1707439679567626,0.028908712934758125,0.0,0.0,0.0,0.0,11333.333333333268,0.0,948.8991381331352,0.0,531.5290707995548,0.0,-0.027903990665157526,0.0,0.0,0.0,0.0,0.0,0.0,0.0,9.25451818067736,0.0,0.0,0.0,0.0,0.0,3.156468659073895,0.0,0.0,0.0,0.0,0.0,11333.333333333268,0.0,1.0,0.0,0.0,0.0,0.0669628420983528,0.000622392575577598,0.0,0.02123496249172466,311.12701515310755,7.0239138234209975,3.8633630054360335,0.04185669915466557,1.636660568145752,0.07540237917013375,186.88862405564612,0.008358949486105029,1.0099973649250502,0.0,0.0,0.0,2024-04-17 04:32:33.143998400+00:00,4980.204007,4980.204007
36,g,2024042200375,2024-04-23 01:39:22.272494080,16.292655517369884,15.346293168189607,0.0093177894829588,0.0054076323653568,16.278870212063545,15.336537885248523,0.0165469814217367,0.0077007341044073,r,2024042200376,2024-04-23 01:40:09.168999936,14.992212933683952,14.654618968597529,0.0045293259416207,0.0038834096708107,14.966201143114478,14.628668798619495,0.0060429473097266,0.0048084446884395,46.896505,1.239052312835197,1.241556176020673,439.646297064827,1915.8326896944511,2261.2808083357645,642.002110779641,435.6731263510693,1916.5100668196087,2256.8594710605985,642.8665016275382,0.9463623491802764,0.010773285879785795,0.9423323268150217,0.018251134209086327,0.33759396508642325,0.005966210200519615,0.33753234449498315,0.007722587164280763,1.300442583685932,0.010360308602265469,1.3126690689490665,0.017615896410896364,0.6916741995920788,0.006657579024705636,0.707869086629028,0.009078680855089232,0.6087683840938531,0.012315005188970742,0.6047999823200385,0.019817725712805573,16.292655517369884,14.992212933683952,16.278870212063545,14.966201143114478,4724,2024-04-23 01:19:56.780999289+00:00,2024042200359,-64,2,1064,3,True,HD111235,0.0,holo4_003,0.23186957679641737,186.7793507916696,0.0,-70.52378964893599,102.65536051674718,874.2919568836426,569.1941437210434,3.009539168873205,44.57463372773183,10.330558039000241,1.5053877730600005,332.92756059636713,0.0,1.14064664598272,3.1.0,2,,60.0,1.14064664598272,-44.7096534002929,-31.559455739525454,8.64999961853027,743.15,30.1000003814697,empty,251.5514981062903,-416.8500272563128,18.291956883642598,518,1582,856,901,1064,45,2,11333.333333333334,1,1.0,0.0,0.9884715375915414,0.00045820673549814336,0.0,0.0,0.0684245645207695,0.00012145648504344258,0.0,0.007887552800047777,109.34808423275882,1.6664183604710436,4.043905782896713,0.02562954362419114,1.0,0.0,1.0,0.0,188.05896168380767,0.006524453997956788,-2.0,0.020417509367667657,-0.8184139993524476,0.0019097553738303568,0.23567312579167077,0.00011703917031604375,396.4774125916584,0.4967812666847505,949.860105695048,0.0,531.5037794708678,0.0,-0.0036891309444294614,0.0,0.0,0.0,0.0,0.0,0.0,0.0,7.497575047139532,0.0037277956453574917,-2.9098477961413804,0.008534052209366254,-1.3651872161937324,0.015994871761727078,2.2371475269814285,0.0008885545970150495,-0.4453747987696291,0.0019881918847896233,-0.5716458304201213,0.0035388444770734304,11333.333333333272,0.0,949.860105695048,0.0,531.5037794708678,0.0,-0.0036891309444294614,0.0,0.0,0.0,0.0,0.0,0.0,0.0,10.802686082796104,0.018068538464574874,0.0,0.0,0.0,0.0,2.882749806385988,0.0052475684854033245,0.0,0.0,0.0,0.0,11333.333333333272,0.0,949.860105695048,0.0,531.5037794708678,0.0,-0.0036891309444294614,0.0,0.0,0.0,0.0,0.0,0.0,0.0,22.676646574674486,0.0,0.0,0.0,0.0,0.0,8.953357648440909,0.0,0.0,0.0,0.0,0.0,11333.333333333272,0.0,1.0,0.0,0.0,0.0,0.0010820987521083457,0.0024088997643952432,0.0,0.0,600.0,47.89536271179353,0.0,0.5671900983906492,2.0362455216538042,0.6325605518526338,186.82218638227275,0.06366503874076745,1.5053877730600005,0.0,0.0,0.0,2024-04-23 01:19:56.780999289+00:00,1165.491495,-1165.491495
