,band1,exposure1,time1,psfMag11,psfMag12,psfMagErr11,psfMagErr12,apMag11,apMag12,apMagErr11,apMagErr12,band2,exposure2,time2,psfMag21,psfMag22,psfMagErr21,psfMagErr22,apMag21,apMag22,apMagErr21,apMagErr22,dt,airmassb1,airmassb2,x11,y11,x12,y12,x21,y21,x22,y22,deltapsfmag_s12b1,deltapsfmagErr_s12b1,deltaapmag_s12b1,deltaapmagErr_s12b1,deltapsfmag_s12b2,deltapsfmagErr_s12b2,deltaapmag_s12b2,deltaapmagErr_s12b2,psfcol12_s1,psfcol12Err_s1,apcol12_s1,apcol12Err_s1,psfcol12_s2,psfcol12Err_s2,apcol12_s2,apcol12Err_s2,psfcol12_s12,psfcol12Err_s12,apcol12_s12,apcol12Err_s12,psfmagmax_s12b1,psfmagmax_s12b2,apmagmax_s12b1,apmagmax_s12b2,index,DATE-OBS,id,BITPIX,NAXIS,NAXIS1,NAXIS2,EXTEND,TARGET,REDSHIFT,GRATING,ROTANGLE,D2CCD,LSHIFT,PARANGLE,TARGETX,TARGETY,LBDA_REF,PSF_REG,TRACE_R,MEANFWHM,PIXSHIFT,CHI2_FIT,A2_FIT,AM_FIT,VERSION,CCD_REBIN,CONFIG,EXPTIME,AIRMASS,DEC,HA,OUTTEMP,OUTPRESS,OUTHUM,FILTER,CAM_ROT,S_X0,S_Y0,S_XMIN,S_XMAX,S_YMIN,S_YMAX,S_NX,S_NY,S_DEG,S_SAT,S_ORDER,A1_x,A1_err_x,A2_x,A2_err_x,A3,A3_err,VAOD_x,VAOD_err_x,angstrom_exp_x,angstrom_exp_err_x,ozone [db]_x,ozone [db]_err_x,PWV [mm]_x,PWV [mm]_err_x,B_x,B_err_x,A_star,A_star_err,D_CCD [mm]_x,D_CCD [mm]_err_x,shift_x [pix],shift_x [pix]_err,shift_y [pix],shift_y [pix]_err,angle [deg],angle [deg]_err,P [hPa],P [hPa]_err,x_c_0_1,x_c_0_1_err,x_c_1_1,x_c_1_1_err,x_c_2_1,x_c_2_1_err,y_c_0_1,y_c_0_1_err,y_c_1_1,y_c_1_1_err,y_c_2_1,y_c_2_1_err,gamma_0_1,gamma_0_1_err,gamma_1_1,gamma_1_1_err,gamma_2_1,gamma_2_1_err,alpha_0_1,alpha_0_1_err,alpha_1_1,alpha_1_1_err,alpha_2_1,alpha_2_1_err,saturation_0_1,saturation_0_1_err,x_c_0_2,x_c_0_2_err,x_c_1_2,x_c_1_2_err,x_c_2_2,x_c_2_2_err,y_c_0_2,y_c_0_2_err,y_c_1_2,y_c_1_2_err,y_c_2_2,y_c_2_2_err,gamma_0_2,gamma_0_2_err,gamma_1_2,gamma_1_2_err,gamma_2_2,gamma_2_2_err,alpha_0_2,alpha_0_2_err,alpha_1_2,alpha_1_2_err,alpha_2_2,alpha_2_2_err,saturation_0_2,saturation_0_2_err,x_c_0_3,x_c_0_3_err,x_c_1_3,x_c_1_3_err,x_c_2_3,x_c_2_3_err,y_c_0_3,y_c_0_3_err,y_c_1_3,y_c_1_3_err,y_c_2_3,y_c_2_3_err,gamma_0_3,gamma_0_3_err,gamma_1_3,gamma_1_3_err,gamma_2_3,gamma_2_3_err,alpha_0_3,alpha_0_3_err,alpha_1_3,alpha_1_3_err,alpha_2_3,alpha_2_3_err,saturation_0_3,saturation_0_3_err,A1_y,A1_err_y,A2_y,A2_err_y,VAOD_y,VAOD_err_y,angstrom_exp_y,angstrom_exp_err_y,ozone [db]_y,ozone [db]_err_y,PWV [mm]_y,PWV [mm]_err_y,reso [nm],reso [nm]_err,D_CCD [mm]_y,D_CCD [mm]_err_y,alpha_pix [pix],alpha_pix [pix]_err,B_y,B_err_y,Time,dt_abs_specphot,td_rel_specphot
0,z,2023112100600,2023-11-22 08:31:58.034992128,13.468485078358947,14.33298426926056,0.0031425055623887,0.0042822173440192,13.447990219251816,14.311739937362988,0.0025534832330342,0.0049036752230415,y,2023112100597,2023-11-22 08:28:59.319991040,13.311470752651768,14.363872799953,0.0051655589418652,0.0080100503674231,13.3119145021189,14.342817573757204,0.0051970821671241,0.0121344665315819,-178.715002,1.0075669884800755,1.0082972370039616,1582.0400124000837,3598.387692356557,2024.846054997444,2076.942554535381,2115.3265617521865,3584.0878241360388,2557.7593451392795,2062.270949561361,-0.8644991909016131,0.00531156536164837,-0.8637497181111726,0.005528680431572971,-1.052402047301232,0.00953120695770155,-1.0309030716383045,0.013200565937031662,0.15701432570717877,0.006046349344152011,0.13607571713291655,0.0057905042676114245,-0.03088853069244024,0.009082857054367517,-0.031077636394215347,0.013087830557397677,0.187902856399619,0.010911307559664938,0.1671533535271319,0.014311577424322536,14.33298426926056,14.363872799953,14.311739937362988,14.342817573757204,,,,,,,,,,,,,,,,,,,,,,,,,,,,,,,,,,,,,,,,,,,,,,,,,,,,,,,,,,,,,,,,,,,,,,,,,,,,,,,,,,,,,,,,,,,,,,,,,,,,,,,,,,,,,,,,,,,,,,,,,,,,,,,,,,,,,,,,,,,,,,,,,,,,,,,,,,,,,,,,,,,,,,,,,,,,,,,,,
1,z,2023120600262,2023-12-07 06:45:23.749008896,13.467658174548134,14.32481892056195,0.0027656266699155,0.0038020953707687,13.451795728170332,14.318321923524612,0.0026608541378885,0.0051171179946608,y,2023120600263,2023-12-07 06:46:11.724989952,13.306834686702874,14.32052882659421,0.00439820985081,0.0069861500990857,13.284213170397578,14.339630637236542,0.0054723939339581,0.0129879933795877,47.975981,1.0342977647951204,1.0335756863322787,2073.42216898043,1748.2785353405975,2516.085581305087,226.730595401254,2065.9977301981044,1747.717986323845,2508.555421188191,226.00839922482805,-0.8571607460138164,0.004701555071013067,-0.8665261953542807,0.005767585397235113,-1.013694139891335,0.008255334220897253,-1.0554174668389642,0.014093795351027179,0.1608234878452599,0.0051954731034921185,0.16758255777275366,0.006085001241704044,0.004290093967741271,0.007953755239845888,-0.021308713711929883,0.013959687267252632,0.15653339387751863,0.009500271742665361,0.18889127148468354,0.015228266766478548,14.32481892056195,14.32052882659421,14.318321923524612,14.339630637236542,2769.0,2023-12-07 05:44:44.111999058+00:00,2023120600203.0,-64.0,2.0,1064.0,3.0,True,HD38666,0.0,holo4_003,0.43741530952852375,186.0009994506836,0.0,62.353412649547394,125.65042807946293,1497.47956048637,500.89484580386375,0.023856746977147025,207.18618755670272,9.37316575078243,0.0,0.525191669645535,0.0,1.00263083681183,3.1.0,2.0,,60.0,1.00263083681183,-32.3033938391,4.381942865210083,11.125,741.35,25.5,empty,-58.81080196419498,-417.3495719205371,14.479560486370062,543.0,1607.0,1483.0,1528.0,1064.0,45.0,2.0,11333.333333333334,1.0,1.0,0.0,0.43617687067373306,0.0005334439113478608,0.0,0.0,1.0,0.0004376849049750813,1.5752713551151863e-12,0.002192655792988631,485.8537079461068,14.413689828508758,5.753129490950304e-10,0.02004957827467469,1.0,0.0,1.0,0.0,186.58196797201578,0.010386236517883993,1.9999999849639685,0.024136552513496883,0.6066024823166498,0.0038425169076247317,0.43044115807791694,0.00020279297121362293,949.3655333969871,6.239664152136516,948.8981232699357,0.0,531.4885871793136,0.0,0.007890136209000132,0.0,0.0,0.0,0.0,0.0,0.0,0.0,1.2775174701884673,0.002128692643503692,-18.08510917736447,0.011066430977208962,27.247075483330295,0.013808725384009502,1.268833082883996,0.0003044478733166261,-2.978242415478056,0.0021231175860008025,4.0440696414639286,0.002905046686690495,11333.333333333416,0.0,948.8981232699357,0.0,531.4885871793136,0.0,0.007890136209000132,0.0,0.0,0.0,0.0,0.0,0.0,0.0,7.880503181107201,0.014642693391343832,0.0,0.0,0.0,0.0,2.704552415587624,0.004598782084261366,0.0,0.0,0.0,0.0,11333.333333333416,0.0,948.8981232699357,0.0,531.4885871793136,0.0,0.007890136209000132,0.0,0.0,0.0,0.0,0.0,0.0,0.0,5.339650553117541,0.0,0.0,0.0,0.0,0.0,2.019231522756508,0.0,0.0,0.0,0.0,0.0,11333.333333333416,0.0,1.0,0.0,0.0,0.0,1.0,0.035655038628630426,0.0,0.14566553908541285,0.0,26346.74250343924,7.6011000945783085,46.8469873794753,1.4415726671760059,1.8166328898616266,185.98166178070508,0.37796681737817717,0.0,0.0,0.0,0.0,2023-12-07 05:44:44.111999058+00:00,3639.63701,-3639.63701
2,z,2023122200483,2023-12-23 05:43:17.705508096,13.73140976832473,14.637890450795094,0.0027531211882512,0.0037940376010549,13.454699549936306,14.326256622896144,0.0024529481428825,0.0052132833500602,y,2023122200484,2023-12-23 05:44:06.390491904,13.337088931937808,14.363502584430872,0.004664315242246,0.0072881532308443,13.299603287064077,14.334798995576074,0.0050534663443885,0.0136274428074479,48.684983,1.0338586897990505,1.033133129832556,109.60314716381876,2960.806862242769,553.2045118698369,1439.2721696805002,100.80242720651702,2961.04250019219,544.3164526557467,1439.553143876359,-0.9064806824703648,0.004687685739831129,-0.8715570729598383,0.005761534333811229,-1.0264136524930638,0.008652919403028932,-1.0351957085119974,0.014534260200097245,0.39432083638692106,0.005416226819128429,0.15509626287222922,0.00561733715256063,0.2743878663642221,0.00821656247067377,-0.008542372679929855,0.014590596998007943,0.11993297002269898,0.009841108260289118,0.16363863555215907,0.015634576983206687,14.637890450795094,14.363502584430872,14.326256622896144,14.334798995576074,3018.0,2023-12-23 06:46:59.520499466+00:00,2023122200538.0,-64.0,2.0,1064.0,3.0,True,HD73495,9.4e-05,holo4_003,0.3856641894557763,186.82793260497695,0.0,-123.75887710542796,103.70260959042606,872.9433891596916,566.122903956069,0.09714881331357636,56.60071806401964,6.149767373247343,0.8182244230575902,627.1711652238913,0.0,1.00852356417221,3.1.0,2.0,,60.0,1.00852356417221,-26.2586506577868,-7.217048910145533,13.8500003814697,741.8,22.4249992370605,empty,122.17897675045299,-417.9428460615137,22.943389159691648,520.0,1584.0,850.0,895.0,1064.0,45.0,2.0,11333.333333333334,1.0,1.0,0.0,1.3674552225183763,0.0003368083703634413,0.0,0.0,0.26877085979519905,0.0001399993747836294,3.0,0.004220532616008569,1.7186189843974797e-05,1.9112369903323068,1.2401299403506179,0.008513993232774297,1.0,0.0,1.0,0.0,184.95310295765344,0.0034518757166212724,0.045464914855574794,0.003864304964222946,5.483759114470658,0.0007527363202574428,0.22587843461528115,4.525516347890448e-05,2159.1328188281414,0.961765332638415,950.2395345968237,0.0,531.4771559458349,0.0,0.02050918293849081,0.0,0.0,0.0,0.0,0.0,0.0,0.0,4.268979181438261,0.0013207443784885304,-3.073363308362359,0.003293362324131698,3.312269420916823,0.0073305676877859285,2.255445551178544,0.0004654998337036971,-0.5225312486193906,0.0013135360085571209,0.3965372159623057,0.002675339450572113,11333.333333333272,0.0,950.2395345968237,0.0,531.4771559458349,0.0,0.02050918293849081,0.0,0.0,0.0,0.0,0.0,0.0,0.0,4.003957833144226,0.0024648392947383044,0.0,0.0,0.0,0.0,1.9674339359126716,0.0008561922988444349,0.0,0.0,0.0,0.0,11333.333333333272,0.0,950.2395345968237,0.0,531.4771559458349,0.0,0.02050918293849081,0.0,0.0,0.0,0.0,0.0,0.0,0.0,5.0666100650834345,0.0,0.0,0.0,0.0,0.0,2.525462653619499,0.0,0.0,0.0,0.0,0.0,11333.333333333272,0.0,1.0,0.0,0.0,0.0,0.46064203618493554,0.008921916173614193,3.0,0.14126871515324776,600.0,164.28228076499948,0.0,0.8127876913116617,8.464221109438931,1.3176961374007896,188.76172031928948,0.27496071888152296,0.8182244230575902,0.0,0.0,0.0,2023-12-23 06:46:59.520499466+00:00,3821.814991,3821.814991
3,z,2024022000265,2024-02-21 01:20:58.992996096,13.43765282768126,14.437738563073417,0.0028439823413182,0.0039045576446761,13.43653832189722,14.298059809182153,0.0025351239856897,0.0051207423276704,y,2024022000266,2024-02-21 01:21:47.543992064,13.317442088446874,14.326188066669468,0.0050934265101976,0.0075570706688868,13.310692942072272,14.389144867422493,0.0053091881396797,0.0139455720144961,48.550995,1.0629945488598869,1.0619290968197646,1357.7997559421774,3251.564242824216,1800.882177195017,1730.006891316605,1347.9426556663966,3251.472951787835,1790.9309338830867,1730.0449256557313,-1.0000857353921564,0.004830507836483482,-0.8615214872849322,0.00571391771109932,-1.0087459782225938,0.009113304050087043,-1.0784519253502207,0.014922012515542682,0.12021073923438585,0.005833629159666687,0.12584537982494837,0.005883394626007577,0.11155049640394843,0.008506167615039558,-0.09108505824034019,0.014856008239022086,0.008660242830437426,0.010314364578957892,0.21693043806528856,0.015978589209414796,14.437738563073417,14.326188066669468,14.298059809182153,14.389144867422493,3211.0,2024-02-21 01:09:13.539999830+00:00,2024022000255.0,-64.0,2.0,1064.0,3.0,True,HD38666,0.0,holo4_003,0.23579359835919897,187.00569853610256,0.0,79.43383306485865,101.39585246444275,870.0505933800071,500.89484580386375,0.5915252213166637,220.149784816492,3.769321667972805,1.0152584600867967,311.44254529333125,0.0,1.01215708668792,3.1.0,2.0,,30.0,1.01215708668792,-32.3023169929669,10.217507509006115,14.0249996185303,744.95,37.0750007629395,empty,-78.65750288480598,-416.69886618403734,20.050593380007044,515.0,1579.0,850.0,895.0,1064.0,45.0,2.0,22666.666666666668,1.0,1.0,0.0,0.9800619719770375,0.0003686495840722166,0.0,0.0,0.06548735227018822,0.00015494847752457362,0.7173143018811617,0.014465828365251052,575.7924671905668,2.3784911548264565,3.9629259027087445,0.02619911275196511,1.0,0.0,1.0,0.0,187.1798673145852,0.002958306461175592,-0.5659685292763412,0.0040202189553504835,0.827837303338601,0.0008957919850051105,0.23414728077152086,6.381255927397891e-05,2045.5005402942643,0.7079001126046738,949.2066655810718,0.0,531.490843692546,0.0,0.008649677575377669,0.0,0.0,0.0,0.0,0.0,0.0,0.0,2.547935033908528,0.0009620182549389889,-0.8527175705636325,0.002355920653708572,-0.18341528550677394,0.004138033084812521,1.968708873727657,0.0004038971391814669,-0.041687549628755906,0.0014360696729446853,-0.13442822406165486,0.002100170708800908,22666.666666666544,0.0,949.2066655810718,0.0,531.490843692546,0.0,0.008649677575377669,0.0,0.0,0.0,0.0,0.0,0.0,0.0,1.9338430178463504,0.0014538295902993953,0.0,0.0,0.0,0.0,1.58514926258632,0.0005378821803746278,0.0,0.0,0.0,0.0,22666.666666666544,0.0,949.2066655810718,0.0,531.490843692546,0.0,0.008649677575377669,0.0,0.0,0.0,0.0,0.0,0.0,0.0,2.9987780230704466,0.0,0.0,0.0,0.0,0.0,2.1708645053707,0.0,0.0,0.0,0.0,0.0,22666.666666666544,0.0,1.0,0.0,0.0,0.0,0.09064587931710852,0.001113140884512933,1.4059381452625397,0.04065893060345973,600.0,13.289283519953418,4.5257050154472,0.060146398263513826,1.640936164906031,0.0919086654812338,186.8009983157718,0.010123321094777465,1.0152584600867967,0.0,0.0,0.0,2024-02-21 01:09:13.539999830+00:00,705.452997,-705.452997
4,z,2024022000269,2024-02-21 01:24:55.684996096,13.426362416911566,14.24646439985594,0.0028349899303202,0.003894181491791,13.451069779782818,14.313708128907678,0.0025507464780204,0.0052123172198357,y,2024022000270,2024-02-21 01:25:43.897996032,13.280970119917765,14.33939502990279,0.0049254974568863,0.007486423300675,13.287430131866651,14.32897217468884,0.0053489799920407,0.013943585636245,48.212999,1.0579887584765388,1.05698355900374,807.433563941528,3258.71086688615,1250.777376378641,1737.3086348310608,797.40774811156,3259.540300362247,1240.7728320622375,1738.1281197550927,-0.8201019829443741,0.004816826485978555,-0.8626383491248593,0.005802978407277528,-1.0584249099850247,0.0089614205924442,-1.0415420428221882,0.01493436196663753,0.1453922969938013,0.0056831059380245885,0.1636396479161668,0.005926035314642092,-0.09293063004684932,0.008438671893603705,-0.015264045781162139,0.014885960875788088,0.2383229270406506,0.01017393121810382,0.17890369369732895,0.016022163578801672,14.24646439985594,14.33939502990279,14.313708128907678,14.32897217468884,3211.0,2024-02-21 01:09:13.539999830+00:00,2024022000255.0,-64.0,2.0,1064.0,3.0,True,HD38666,0.0,holo4_003,0.23579359835919897,187.00569853610256,0.0,79.43383306485865,101.39585246444275,870.0505933800071,500.89484580386375,0.5915252213166637,220.149784816492,3.769321667972805,1.0152584600867967,311.44254529333125,0.0,1.01215708668792,3.1.0,2.0,,30.0,1.01215708668792,-32.3023169929669,10.217507509006115,14.0249996185303,744.95,37.0750007629395,empty,-78.65750288480598,-416.69886618403734,20.050593380007044,515.0,1579.0,850.0,895.0,1064.0,45.0,2.0,22666.666666666668,1.0,1.0,0.0,0.9800619719770375,0.0003686495840722166,0.0,0.0,0.06548735227018822,0.00015494847752457362,0.7173143018811617,0.014465828365251052,575.7924671905668,2.3784911548264565,3.9629259027087445,0.02619911275196511,1.0,0.0,1.0,0.0,187.1798673145852,0.002958306461175592,-0.5659685292763412,0.0040202189553504835,0.827837303338601,0.0008957919850051105,0.23414728077152086,6.381255927397891e-05,2045.5005402942643,0.7079001126046738,949.2066655810718,0.0,531.490843692546,0.0,0.008649677575377669,0.0,0.0,0.0,0.0,0.0,0.0,0.0,2.547935033908528,0.0009620182549389889,-0.8527175705636325,0.002355920653708572,-0.18341528550677394,0.004138033084812521,1.968708873727657,0.0004038971391814669,-0.041687549628755906,0.0014360696729446853,-0.13442822406165486,0.002100170708800908,22666.666666666544,0.0,949.2066655810718,0.0,531.490843692546,0.0,0.008649677575377669,0.0,0.0,0.0,0.0,0.0,0.0,0.0,1.9338430178463504,0.0014538295902993953,0.0,0.0,0.0,0.0,1.58514926258632,0.0005378821803746278,0.0,0.0,0.0,0.0,22666.666666666544,0.0,949.2066655810718,0.0,531.490843692546,0.0,0.008649677575377669,0.0,0.0,0.0,0.0,0.0,0.0,0.0,2.9987780230704466,0.0,0.0,0.0,0.0,0.0,2.1708645053707,0.0,0.0,0.0,0.0,0.0,22666.666666666544,0.0,1.0,0.0,0.0,0.0,0.09064587931710852,0.001113140884512933,1.4059381452625397,0.04065893060345973,600.0,13.289283519953418,4.5257050154472,0.060146398263513826,1.640936164906031,0.0919086654812338,186.8009983157718,0.010123321094777465,1.0152584600867967,0.0,0.0,0.0,2024-02-21 01:09:13.539999830+00:00,942.144997,-942.144997
5,z,2024030700300,2024-03-08 05:37:27.782498048,13.435381208368442,14.294610119216353,0.0028431038967947,0.004183456876595,13.432833253563818,14.279948674966365,0.0027092483473964,0.0056244402516819,y,2024030700301,2024-03-08 05:38:15.614507008,13.29175124789348,14.314538636058144,0.0051115353840839,0.0089885212140726,13.29336401877404,14.310294094247586,0.0059486166157668,0.0154445320912395,47.832008,1.486070063277536,1.4906004553270469,1875.9521463294964,3071.2435635324096,2318.9632140705858,1550.037905385523,1863.261462604132,3071.383442020368,2306.8981980695016,1550.0793870008793,-0.8592289108479108,0.005058117357900981,-0.8471154214025471,0.006242944397686854,-1.022787388164664,0.01034027599237926,-1.016930075473546,0.016550516945361665,0.14362996047496246,0.005849019896590449,0.13946923478977702,0.006536517899405384,-0.019928516841790866,0.00991437466783272,-0.030345419281221808,0.01643678495515672,0.16355847731675333,0.011511118920629485,0.16981465407099883,0.01768880905859163,14.294610119216353,14.314538636058144,14.279948674966365,14.310294094247586,3615.0,2024-03-08 06:40:03.106004286+00:00,2024030700360.0,-64.0,2.0,1064.0,3.0,True,HD111235,0.0,holo4_003,0.22759899152200735,187.70552008760922,0.0,11.414371461940497,92.44366008794626,871.9342990781462,569.1941437210434,0.026136654682252045,58.03462514797228,4.981066573690807,-0.7175232761261627,11.969697085379302,0.0,1.03413344342099,3.1.0,2.0,,60.0,1.03413344342099,-44.7153819267806,3.3341953568134977,12.875,743.45,30.6375007629395,empty,170.0783694261898,-418.37005852934874,18.93429907814624,513.0,1577.0,853.0,898.0,1064.0,45.0,2.0,11333.333333333334,1.0,1.0,0.0,1.034958372314697,0.0004964640714182624,0.0,0.0,0.10242505651104258,0.00015037879378628668,0.0,0.007084323969799054,0.0,2.2336643157263065,8.355515361432891,0.04103679373681999,1.0,0.0,1.0,0.0,187.67354125835573,0.0033239096304302843,-0.9130823130910689,0.004589079331653214,-0.6657836732781579,0.001055857349322085,0.22779962754237684,6.206683081988839e-05,27.907882214949193,0.6459205355177919,949.1554517472254,0.0,531.5000840731396,0.0,-0.0001338037444318308,0.0,0.0,0.0,0.0,0.0,0.0,0.0,3.3766425075332593,0.001643176030618077,-0.6867305872047275,0.006850605633197473,1.3410517405589117,0.011681377109694316,1.9998791591653315,0.0005954142663410373,-0.014207760291676782,0.002785791617363276,0.3513058333457145,0.004561335029676549,11333.333333333416,0.0,949.1554517472254,0.0,531.5000840731396,0.0,-0.0001338037444318308,0.0,0.0,0.0,0.0,0.0,0.0,0.0,3.343779793854139,0.006133766389079001,0.0,0.0,0.0,0.0,1.8084997286069093,0.0017998924877482886,0.0,0.0,0.0,0.0,11333.333333333416,0.0,949.1554517472254,0.0,531.5000840731396,0.0,-0.0001338037444318308,0.0,0.0,0.0,0.0,0.0,0.0,0.0,3.52035827748049,0.0,0.0,0.0,0.0,0.0,2.0540776266901015,0.0,0.0,0.0,0.0,0.0,11333.333333333416,0.0,1.0,0.0,0.0,0.0,0.08640352097545859,0.0011902360996705783,0.5422869367758983,0.03801841387931444,292.2656610682182,13.646098814508019,8.569394289540977,0.11278968281897804,5.627875657783956,0.1325813583870924,187.49533661192663,0.018405665794711354,-0.7175232761261627,0.0,0.0,0.0,2024-03-08 06:40:03.106004286+00:00,3755.323506,3755.323506
6,z,2024031400231,2024-03-15 05:07:51.015994880,13.478095905247446,14.33347776779713,0.0028389001651902,0.0039440410538113,13.454950189332449,14.329960931530335,0.0025329235876179,0.0052129742925403,y,2024031400232,2024-03-15 05:08:39.070497024,13.300658283548849,14.339305370456456,0.0050542909196812,0.007543125036925,13.274965670969255,14.339571666132349,0.0053088254512892,0.0137443239987222,48.054502,1.4741014860959876,1.4785552803633049,1507.6484943521489,2954.885537272988,1951.0697569887816,1433.425832089196,1498.0528806743675,2953.6466978174994,1941.367149201228,1432.2672116782944,-0.8553818625496827,0.004859507586378058,-0.8750107421978868,0.005795757316813496,-1.0386470869076074,0.009079900441274486,-1.0646059951630935,0.01473397671554109,0.17743762169859778,0.005797000159452195,0.1799845183631934,0.005882119479657577,-0.005827602659326914,0.008512003004982654,-0.009610734602013338,0.014699712349448783,0.1832652243579247,0.010298514747550856,0.18959525296520674,0.01583290474706092,14.33347776779713,14.339305370456456,14.329960931530335,14.339571666132349,3818.0,2024-03-15 05:24:36.211006237+00:00,2024031400247.0,-64.0,2.0,1064.0,3.0,True,HD185975,0.0,holo4_003,0.22188147749523554,187.12097860393598,0.0,-124.58035480923299,105.61032477367597,875.7648751669927,616.5324009389434,15.613490379696543,56.51349303984001,5.038357355460062,1.0735366521554033,6.771910236656554,0.0,2.07326691828503,3.1.0,2.0,,60.0,2.07326691828503,-87.4715268782969,-123.39214868138947,18.4249992370605,742.85,3.57500004768372,empty,-54.46802518808198,-417.7583484073742,17.76487516699271,520.0,1584.0,858.0,903.0,1064.0,45.0,2.0,11333.333333333334,1.0,1.0,0.0,1.0388927144928868,0.0013461458760857822,0.0,0.0,0.037733408330418494,0.00012248767173382452,0.08797620986116582,0.00884713472766897,316.3918122621012,1.2785114997336449,2.1292989278624885,0.009052216692583692,1.0,0.0,1.0,0.0,186.97859574876662,0.003981334384897258,0.8326952653927439,0.016447429780657913,-1.9751287130911463,0.0032593675110770045,0.22349631940164535,0.0002007898142794065,631.7820114414112,0.1832045288075544,950.3461605438866,0.0,531.5286476136552,0.0,-0.02779189467706701,0.0,0.0,0.0,0.0,0.0,0.0,0.0,3.7694560377461945,0.002070640486050775,-1.5370464628273643,0.004788208050046863,0.9621451112435265,0.011130870581431277,2.140328625973479,0.0008819625938955445,-0.31221018572098064,0.0020813757340108915,0.1685136698541448,0.004814839471411974,11333.333333333272,0.0,950.3461605438866,0.0,531.5286476136552,0.0,-0.02779189467706701,0.0,0.0,0.0,0.0,0.0,0.0,0.0,3.3970142708740614,0.011076090034450509,0.0,0.0,0.0,0.0,1.7350138740628902,0.004063672193069105,0.0,0.0,0.0,0.0,11333.333333333272,0.0,950.3461605438866,0.0,531.5286476136552,0.0,-0.02779189467706701,0.0,0.0,0.0,0.0,0.0,0.0,0.0,3.8694394250421977,0.0,0.0,0.0,0.0,0.0,2.1849378347603516,0.0,0.0,0.0,0.0,0.0,11333.333333333272,0.0,1.0,0.0,0.0,0.0,0.036562538514603206,0.0005956715641245941,0.16565188698798544,0.03844060517678248,343.55112566427806,6.725337012208095,2.041610760407289,0.029283616972913516,2.105851385083399,0.07976769985870706,186.83812701011016,0.00946559201838233,1.0735366521554033,0.0,0.0,0.0,2024-03-15 05:24:36.211006237+00:00,1005.195011,1005.195011
7,z,2024032100175,2024-03-22 03:30:16.770510080,13.494014311391911,14.281397003889907,0.0027628902830247,0.0038777636282494,13.445017941453548,14.311398273118504,0.0027131192799771,0.0052469360657065,y,2024032100176,2024-03-22 03:31:04.842002944,13.26452187219756,14.291570036032187,0.0048193976785727,0.0073219620139835,13.285417906934471,14.340977731919274,0.0058588876565784,0.0142069901128202,48.071492,1.1952603378003122,1.1974773100350993,1562.2171937485243,1886.4101661498007,2005.4739014070888,364.96087146069294,1552.4916074519515,1886.52937113173,1995.8016169392463,364.8700708372955,-0.7873826924979959,0.004761366765184789,-0.8663803316649563,0.00590689040908963,-1.0270481638346265,0.008765712847136235,-1.0555598249848028,0.015367665165475778,0.2294924391943507,0.005555191868897441,0.15960003451907667,0.006456592042230189,-0.010173032142279936,0.008285419632751938,-0.029579458800769842,0.015144930047490564,0.23966547133663063,0.009975386468255529,0.18917949331984651,0.01646379321247606,14.281397003889907,14.291570036032187,14.311398273118504,14.340977731919274,3896.0,2024-03-22 03:13:09.059499909+00:00,2024032100161.0,-64.0,2.0,1063.0,3.0,True,HD111235,0.0,holo4_003,0.23515529933776724,186.96102798628417,0.0,-73.95027503962288,100.71744002874507,873.358632254685,569.1941437210434,0.1309139972918374,310.5451286503654,2.7896524975225936,0.8804870873938865,145.76710170338086,0.0,1.16522372999782,3.1.0,2.0,,60.0,1.16522372999782,-44.7108183089085,-34.7242424149065,15.5500001907349,745.4,16.125,empty,254.8424120116376,-417.1718048528009,18.358632254684906,515.0,1578.0,855.0,900.0,1063.0,45.0,2.0,11333.333333333334,1.0,1.0,0.0,1.0464028420247569,0.0005301111636729851,0.0,0.0,0.07630671880349657,0.0001784441371814717,0.0,0.009157497949779476,28.88569423174622,2.2723624936589943,7.8019312497594555,0.03610567388386955,1.0,0.0,1.0,0.0,186.84046656428973,0.00280160207561581,0.7912612229069872,0.0018973218230536773,-1.476556744634286,0.0008956550348822038,0.233621109380467,5.8285090701815655e-05,423.1983847545472,0.16807344537628238,949.0614774228094,0.0,531.0059721937002,0.0,-0.00597146569339922,0.0,0.0,0.0,0.0,0.0,0.0,0.0,2.0032773773795,0.0008951409949654095,-1.0465211323773937,0.0016386670111213928,-0.6711642075661757,0.003592614797485057,2.1143159779125056,0.0005427354365238686,-0.3725987089761707,0.0011318274143227822,-0.5539219013158162,0.0021263015729787297,11333.333333333307,0.0,949.0614774228094,0.0,531.0059721937002,0.0,-0.00597146569339922,0.0,0.0,0.0,0.0,0.0,0.0,0.0,1.4781694615793768,0.0016304120398171048,0.0,0.0,0.0,0.0,1.7498054410129935,0.0010385971149482554,0.0,0.0,0.0,0.0,11333.333333333307,0.0,949.0614774228094,0.0,531.0059721937002,0.0,-0.00597146569339922,0.0,0.0,0.0,0.0,0.0,0.0,0.0,2.167423943757626,0.0,0.0,0.0,0.0,0.0,2.198353959380482,0.0,0.0,0.0,0.0,0.0,11333.333333333307,0.0,1.0,0.0,0.0,0.0,0.09655864684440336,0.001058490043686203,0.3793106237169077,0.02858418076706453,231.53060378276854,12.017203855436614,4.463377883694957,0.07162611864190223,0.7977439871477794,0.12520477432125726,187.05855156149542,0.009664606259239244,0.8804870873938865,0.0,0.0,0.0,2024-03-22 03:13:09.059499909+00:00,1027.711011,-1027.711011
8,z,2024032100179,2024-03-22 03:34:04.280508928,13.452342810225748,14.28257883862026,0.0028478825461014,0.0038831463202094,13.450560386461278,14.296342698161284,0.0028084905725506,0.0052621194141154,y,2024032100180,2024-03-22 03:34:52.060994048,13.304920970945783,14.330958405131266,0.0050060405836148,0.0077203006016525,13.290408314116078,14.328638896178582,0.0061256451820801,0.0142036952588508,47.780485,1.2057179168896304,1.2080045012741611,1005.9637278845582,1893.4552742610408,1449.5414211293817,371.95876666229344,996.7331186971088,1893.1700431305965,1440.363042632302,371.7163201457428,-0.8302360283945127,0.004815522852250293,-0.8457823117000061,0.005964689432360732,-1.0260374341854828,0.009201276199781982,-1.0382305820625035,0.015468305915744034,0.14742183927996422,0.0057594164045663004,0.16015207234520012,0.006738779429009881,-0.048379566511005834,0.00864186708553376,-0.03229619801729733,0.01514710730584262,0.19580140579097005,0.010385217573321186,0.19244827036249745,0.01657848026592177,14.28257883862026,14.330958405131266,14.296342698161284,14.328638896178582,3896.0,2024-03-22 03:13:09.059499909+00:00,2024032100161.0,-64.0,2.0,1063.0,3.0,True,HD111235,0.0,holo4_003,0.23515529933776724,186.96102798628417,0.0,-73.95027503962288,100.71744002874507,873.358632254685,569.1941437210434,0.1309139972918374,310.5451286503654,2.7896524975225936,0.8804870873938865,145.76710170338086,0.0,1.16522372999782,3.1.0,2.0,,60.0,1.16522372999782,-44.7108183089085,-34.7242424149065,15.5500001907349,745.4,16.125,empty,254.8424120116376,-417.1718048528009,18.358632254684906,515.0,1578.0,855.0,900.0,1063.0,45.0,2.0,11333.333333333334,1.0,1.0,0.0,1.0464028420247569,0.0005301111636729851,0.0,0.0,0.07630671880349657,0.0001784441371814717,0.0,0.009157497949779476,28.88569423174622,2.2723624936589943,7.8019312497594555,0.03610567388386955,1.0,0.0,1.0,0.0,186.84046656428973,0.00280160207561581,0.7912612229069872,0.0018973218230536773,-1.476556744634286,0.0008956550348822038,0.233621109380467,5.8285090701815655e-05,423.1983847545472,0.16807344537628238,949.0614774228094,0.0,531.0059721937002,0.0,-0.00597146569339922,0.0,0.0,0.0,0.0,0.0,0.0,0.0,2.0032773773795,0.0008951409949654095,-1.0465211323773937,0.0016386670111213928,-0.6711642075661757,0.003592614797485057,2.1143159779125056,0.0005427354365238686,-0.3725987089761707,0.0011318274143227822,-0.5539219013158162,0.0021263015729787297,11333.333333333307,0.0,949.0614774228094,0.0,531.0059721937002,0.0,-0.00597146569339922,0.0,0.0,0.0,0.0,0.0,0.0,0.0,1.4781694615793768,0.0016304120398171048,0.0,0.0,0.0,0.0,1.7498054410129935,0.0010385971149482554,0.0,0.0,0.0,0.0,11333.333333333307,0.0,949.0614774228094,0.0,531.0059721937002,0.0,-0.00597146569339922,0.0,0.0,0.0,0.0,0.0,0.0,0.0,2.167423943757626,0.0,0.0,0.0,0.0,0.0,2.198353959380482,0.0,0.0,0.0,0.0,0.0,11333.333333333307,0.0,1.0,0.0,0.0,0.0,0.09655864684440336,0.001058490043686203,0.3793106237169077,0.02858418076706453,231.53060378276854,12.017203855436614,4.463377883694957,0.07162611864190223,0.7977439871477794,0.12520477432125726,187.05855156149542,0.009664606259239244,0.8804870873938865,0.0,0.0,0.0,2024-03-22 03:13:09.059499909+00:00,1255.22101,-1255.22101
9,z,2024032100235,2024-03-22 04:27:56.713491968,13.429637886444604,14.30388662488155,0.0027283264265013,0.003854530264217,13.438683996907365,14.296941772237652,0.0025644590122617,0.0056055763804576,y,2024032100236,2024-03-22 04:28:44.438507008,13.322376715351414,14.327430798935003,0.004937688629006,0.0078010907776441,13.327575800870656,14.359651133088542,0.0054844760626959,0.0150367817098482,47.725015,1.4099796079555904,1.4138760363883895,2116.9708403323707,3361.2125907308846,2560.244530522696,1839.791056679208,2105.543389694265,3362.5618983737595,2548.77083141391,1840.9962931549176,-0.8742487384369451,0.004722411317040282,-0.8582577753302871,0.006164327747833853,-1.0050540835835893,0.009232431224659027,-1.032075332217886,0.01600575777249892,0.10726117109319055,0.005641323788487991,0.1111081960367084,0.006054413902918644,-0.02354417405345366,0.008701403385592959,-0.0627093608508904,0.016047656861572328,0.13080534514664421,0.010370099081752744,0.1738175568875988,0.017151770125984782,14.30388662488155,14.327430798935003,14.296941772237652,14.359651133088542,3897.0,2024-03-22 05:06:55.780495228+00:00,2024032100277.0,-64.0,2.0,1064.0,3.0,True,HD185975,0.0,holo4_003,0.23201181594654066,187.07499632408374,0.0,-122.34940034865272,99.33515941707635,875.5150768238036,616.5324009389434,0.6718865051513242,211.9370617471597,4.2244845845601295,1.1525238949261147,39.241081646366005,0.0,2.06770726694565,3.1.0,2.0,,60.0,2.06770726694565,-87.4667273859,-121.12635917456348,15.5249996185303,744.95,19.1375007629395,empty,-56.88332191726897,-417.20739884247786,17.515076823803625,513.0,1577.0,858.0,903.0,1064.0,45.0,2.0,11333.333333333334,1.0,1.0,0.0,1.0507041893462854,0.000827956994321414,0.0,0.0,0.05462268611613706,0.00012491037815135143,0.1306250004543204,0.006019302931539797,316.8907609892311,1.3496533069401986,7.635633137026183,0.017832672330790743,1.0,0.0,1.0,0.0,187.09209574428849,0.0038273959594693867,-0.10163781946999631,0.020773884496755553,-2.051755923198751,0.0018262430117256246,0.23520894885856702,0.00010703020160727163,625.6253812487294,0.10081338890020082,949.8748501749559,0.0,531.5298803604811,0.0,-0.028994881754629637,0.0,0.0,0.0,0.0,0.0,0.0,0.0,4.113406830740847,0.0024902852349662167,-2.6910483018531317,0.006052151997886096,-0.012040869901028053,0.011588528964585756,3.0319932598481434,0.0018328064815698914,-1.1258970056405873,0.004415672468126349,-0.34901328300560697,0.008275989886131036,11333.333333333416,0.0,949.8748501749559,0.0,531.5298803604811,0.0,-0.028994881754629637,0.0,0.0,0.0,0.0,0.0,0.0,0.0,2.7299197365794434,0.006546309366795413,0.0,0.0,0.0,0.0,2.005287357811516,0.0038784418863618817,0.0,0.0,0.0,0.0,11333.333333333416,0.0,949.8748501749559,0.0,531.5298803604811,0.0,-0.028994881754629637,0.0,0.0,0.0,0.0,0.0,0.0,0.0,4.607296668950873,0.0,0.0,0.0,0.0,0.0,3.4192337892041627,0.0,0.0,0.0,0.0,0.0,11333.333333333416,0.0,1.0,0.0,0.0,0.0,0.05459318363471967,0.0005982738553149379,0.15201330926019826,0.026115512561617153,359.4140537813762,6.773780649841872,6.7447045913909465,0.05766465900213167,1.5173031403521355,0.054293071501596915,186.8265216547594,0.0057005426761642134,1.1525238949261147,0.0,0.0,0.0,2024-03-22 05:06:55.780495228+00:00,2339.067003,2339.067003
10,z,2024032800506,2024-03-29 04:20:19.435504896,13.449810271348534,14.31077681010671,0.0031722108237576,0.0042283381855265,13.454785280001447,14.312354078442327,0.0026599521625857,0.0057146019146642,y,2024032800507,2024-03-29 04:21:08.027504896,13.345560124118744,14.358802741245617,0.0059875496601633,0.0086491128412,13.350977997582174,14.373387737357175,0.0059327905478744,0.016070255419404,48.592,1.5166498559686523,1.521515017386459,499.2236480932744,3361.4017036816845,942.8868619732592,1840.005832734064,488.7102210485623,3360.554245005256,932.632787821423,1839.4920540523808,-0.8609665387581753,0.005285997098140181,-0.8575687984408802,0.006303334082081329,-1.0132426171268722,0.010519406060835013,-1.0224097397750018,0.01713041484990458,0.10425014722978965,0.00677596284252552,0.1038072824192735,0.006501795843625987,-0.048025931138907296,0.009627356685559764,-0.06103365891484813,0.017056077634906783,0.15227607836869694,0.01177283607268354,0.16484094133412164,0.01825330472764205,14.31077681010671,14.358802741245617,14.312354078442327,14.373387737357175,4129.0,2024-03-29 04:50:07.820509350+00:00,2024032800540.0,-64.0,2.0,1064.0,3.0,True,HD185975,0.0,holo4_003,0.23893638984359075,187.004247797106,0.0,-119.73558845699102,98.16206941568018,877.308444449167,616.5324009389434,31.6364321993949,56.55276166230766,5.752217296456099,1.0434849236019554,30.71215444386723,0.0,2.06124067467481,3.1.0,2.0,,60.0,2.06124067467481,-87.4619286258322,-118.47419417753648,14.4250001907349,744.95,39.8499984741211,empty,-59.61632293404102,-417.07629727127534,17.308444449167,512.0,1576.0,860.0,905.0,1064.0,45.0,2.0,11333.333333333334,1.0,1.0,0.0,1.0704296651947696,0.000999737039920638,0.0,0.0,0.0679635949158231,0.00012175968322676318,0.03542357316326963,0.004654810957307198,323.77128850756947,1.283362733131453,10.0,0.021630927764731526,1.0,0.0,1.0,0.0,186.98414052093364,0.0029502376508295748,0.7457267178567771,0.013903451827333718,-1.803291359914007,0.0033694108186016376,0.24213440855718174,0.00020865241684338794,622.601332124943,0.18088846792363378,949.6337349268126,0.0,531.5311527224424,0.0,-0.03010392952394149,0.0,0.0,0.0,0.0,0.0,0.0,0.0,6.056310277885358,0.004051291625803461,-3.203796100864249,0.009453129366735489,-0.6880687330609035,0.018693393495340785,3.356964802428595,0.002474877216229784,-1.11137244649662,0.005654849661157848,-0.7050072313984628,0.010792568315006752,11333.333333333416,0.0,949.6337349268126,0.0,531.5311527224424,0.0,-0.03010392952394149,0.0,0.0,0.0,0.0,0.0,0.0,0.0,4.4249191482046655,0.015305644252234187,0.0,0.0,0.0,0.0,2.2357817974633822,0.007041725700556907,0.0,0.0,0.0,0.0,11333.333333333416,0.0,949.6337349268126,0.0,531.5311527224424,0.0,-0.03010392952394149,0.0,0.0,0.0,0.0,0.0,0.0,0.0,6.701920944972143,0.0,0.0,0.0,0.0,0.0,3.7626517036905582,0.0,0.0,0.0,0.0,0.0,11333.333333333416,0.0,1.0,0.0,0.0,0.0,0.0703789329674687,0.000603370241134167,0.10496543456744292,0.020647551471124105,348.71967542035264,6.8080526922442575,10.0,0.09017807960075026,2.2543753711308607,0.05960863853400186,186.8290875679082,0.006376491704688145,1.0434849236019554,0.0,0.0,0.0,2024-03-29 04:50:07.820509350+00:00,1788.385004,1788.385004
11,z,2024040400343,2024-04-05 03:03:45.224997888,13.45152353659007,14.331385985947527,0.0029348429231331,0.0039710256082601,13.448737852868792,14.29368178834828,0.0026326690768631,0.005306563961153,y,2024040400344,2024-04-05 03:04:33.576496896,13.270390902803689,14.350566880916409,0.0051043788309127,0.0077264732344906,13.311009528266538,14.35773584719389,0.0055712171288639,0.0141220708298438,48.351499,1.285614524392401,1.2885635319381583,288.89470398799926,1675.4277375787565,732.7496799704637,154.1763479956762,277.88768913183094,1675.1986919802669,721.8627357080738,154.06195374022076,-0.8798624493574572,0.004937848455038078,-0.8449439354794883,0.005923729192162571,-1.0801759781127203,0.009260295453859415,-1.0467263189273517,0.01518128271326477,0.18113263378638145,0.005887952635079035,0.1377283246022536,0.006161932064313735,-0.019180894968881645,0.00868719937751846,-0.06405405884560977,0.015086169348013198,0.2003135287552631,0.010494542355800527,0.20178238344786337,0.01629607045769472,14.331385985947527,14.350566880916409,14.29368178834828,14.35773584719389,4441.0,2024-04-05 02:19:48.366000228+00:00,2024040400301.0,-64.0,2.0,1064.0,3.0,True,HD111235,0.0,holo4_003,0.22634246496401192,187.0486082114203,0.0,-73.50049095088173,102.14139602743575,874.116655467038,569.1941437210434,1.05910129728079,57.94829176738055,4.353562639268341,0.9278836440671852,24.30451584669009,0.0,1.16170826617822,3.1.0,2.0,,60.0,1.16170826617822,-44.7105795187698,-34.291211934043474,12.7749996185303,746.0,12.6499996185303,empty,254.0807650976495,-416.7913147701831,19.11665546703796,516.0,1580.0,855.0,900.0,1064.0,45.0,2.0,11333.333333333334,1.0,1.0,0.0,1.0455421814486514,0.00045878622716662127,0.0,0.0,0.06895522591801169,0.00013679549404436254,0.0,0.008710942253829485,11.013066978929606,1.892271970439929,4.400002919806956,0.023345148504093253,1.0,0.0,1.0,0.0,187.16211102274914,0.0035401196461650195,-0.06229274589244284,0.006276893381509907,-0.9017874083557617,0.0011964732368047106,0.23364820618282844,7.605638734587826e-05,436.2743287379047,0.26927386400792674,949.2245940407973,0.0,531.5069527124759,0.0,-0.006710579495866896,0.0,0.0,0.0,0.0,0.0,0.0,0.0,3.0157371027390716,0.0013329386599947595,-0.44476006840467536,0.003583939529890898,0.7214251712574459,0.0067062892088528645,1.953505288267696,0.0005135566425898716,0.11272434743998076,0.0019095132290573606,0.28276792083906954,0.0031446754315247547,11333.333333333272,0.0,949.2245940407973,0.0,531.5069527124759,0.0,-0.006710579495866896,0.0,0.0,0.0,0.0,0.0,0.0,0.0,3.390766886142536,0.003358388482835382,0.0,0.0,0.0,0.0,1.7980685334869069,0.0011396197085607681,0.0,0.0,0.0,0.0,11333.333333333272,0.0,949.2245940407973,0.0,531.5069527124759,0.0,-0.006710579495866896,0.0,0.0,0.0,0.0,0.0,0.0,0.0,3.1871051704141062,0.0,0.0,0.0,0.0,0.0,2.01917792451125,0.0,0.0,0.0,0.0,0.0,11333.333333333272,0.0,1.0,0.0,0.0,0.0,0.06498359692163977,0.0010875559419723081,0.0,0.040933759431050015,273.69114329630116,12.311271646086244,3.617041539920568,0.06753191028894816,3.531112765360162,0.1447499477713323,186.95958526568387,0.01788708663625415,0.9278836440671852,0.0,0.0,0.0,2024-04-05 02:19:48.366000228+00:00,2636.858998,-2636.858998
12,z,2024041700387,2024-04-18 02:14:24.155995904,13.559537105957151,14.320177805640943,0.0026880952960418,0.0038299610031673,13.438747014353048,14.28857656732535,0.0026101294989091,0.0054432299305475,y,2024041700388,2024-04-18 02:15:12.850500096,13.28881974299392,14.314995769202133,0.0049565949084261,0.0078642431771421,13.30301945741828,14.283098192030923,0.005841372249002,0.0147672299518038,48.694504,1.2928796162668126,1.295907049153888,1977.298692480761,3076.480388503,2420.7560779190185,1554.6384578018788,1967.3630390018693,3076.138286339123,2410.602156225378,1554.3074904991656,-0.7606406996837922,0.004679151376733213,-0.8498295529723023,0.006036681876485096,-1.026176026208212,0.009295921354844909,-0.9800787346126434,0.015880576507194627,0.27071736296323046,0.00563858930999923,0.1357275569347678,0.0063980001369557775,0.0051820364388106555,0.008747280836637655,0.0054783752944267405,0.015738482535691278,0.2655353265244198,0.01040714232831693,0.13024918164034105,0.01698923889639396,14.320177805640943,14.314995769202133,14.28857656732535,14.283098192030923,4633.0,2024-04-18 01:20:42.865004457+00:00,2024041700331.0,-64.0,2.0,1064.0,3.0,True,HD111235,0.0,holo4_003,0.22320239981956308,186.90625825945915,0.0,-75.52186558515221,100.06863639707315,874.9200014696165,569.1941437210434,0.708455375642897,59.065202619901186,3.609489586844486,0.8632940503259761,29.621853433749145,0.0,1.17858911613901,3.1.0,2.0,,60.0,1.17858911613901,-44.7126947952048,-36.28188978421153,17.1749992370605,745.4,6.94999980926514,empty,256.1170487724875,-417.09003034775213,18.920001469616537,514.0,1578.0,856.0,901.0,1064.0,45.0,2.0,11333.333333333334,1.0,1.0,0.0,1.0324326236127135,0.00047220591098356447,0.0,0.0,0.0675000596863388,0.00014738738768524753,0.0,0.009302729208893853,54.17015146371062,1.9738665692287145,4.406760948696209,0.023859122371550155,1.0,0.0,1.0,0.0,187.06967489101055,0.0033480477831621526,0.7032557666264622,0.004261549777668893,-0.9834986570912129,0.001151583429803357,0.23180721116952238,7.478746698763734e-05,439.1892483790588,0.23025255691249868,949.4590444983756,0.0,531.5071384075227,0.0,-0.006901991387916634,0.0,0.0,0.0,0.0,0.0,0.0,0.0,2.4050489413841962,0.0010673713381668317,-0.489083838550153,0.0026434033012060587,0.09883743960159443,0.005232935159076282,1.8462629539215671,0.000430801103393224,-0.11091630578779373,0.001347507882416907,-0.08713534745355592,0.0023518556765397556,11333.333333333416,0.0,949.4590444983756,0.0,531.5071384075227,0.0,-0.006901991387916634,0.0,0.0,0.0,0.0,0.0,0.0,0.0,2.6106141724622938,0.0027786729146186996,0.0,0.0,0.0,0.0,1.7509163389427191,0.0012150972708130812,0.0,0.0,0.0,0.0,11333.333333333416,0.0,949.4590444983756,0.0,531.5071384075227,0.0,-0.006901991387916634,0.0,0.0,0.0,0.0,0.0,0.0,0.0,2.5327494813524445,0.0,0.0,0.0,0.0,0.0,1.9009853907671386,0.0,0.0,0.0,0.0,0.0,11333.333333333416,0.0,1.0,0.0,0.0,0.0,0.06463898983942265,0.0010710829964836347,0.09606465814280736,0.04154732881652003,294.4344723508384,12.150042761557266,4.508144596056644,0.07678546380219554,4.763239619701683,0.14932917629947554,187.0032581036534,0.019880166898792483,0.8632940503259761,0.0,0.0,0.0,2024-04-18 01:20:42.865004457+00:00,3221.290992,-3221.290992
13,z,2024041700423,2024-04-18 02:49:35.804004096,13.472918604920125,14.317663322795752,0.0027907764240578,0.0038732803676011,13.458494645784434,14.317773860722347,0.0027499518704287,0.0052419366131019,y,2024041700424,2024-04-18 02:50:23.648003072,13.372206693840315,14.33738140111119,0.0051535796699865,0.00756611506236,13.336581673485114,14.377974165393807,0.006156151567753,0.0142555376608052,47.843998,1.4494759444006893,1.453706126003785,1386.7375311040878,1592.0332101216763,1830.3651166024329,70.61721652415287,1374.7189185069158,1592.740060331469,1818.07078116353,71.27790608039625,-0.8447447178756278,0.004773964165672063,-0.8592792149379136,0.00591947081633591,-0.9651747072708741,0.009154533333369267,-1.0413924919086934,0.015527992662407562,0.10071191107980937,0.005860701021548105,0.12191297229932019,0.006742435569942217,-0.019718078315436927,0.008499905760825526,-0.06020030467145965,0.015188754177167184,0.1204299893952463,0.010324544271147757,0.18211327697077984,0.016618023073435528,14.317663322795752,14.33738140111119,14.317773860722347,14.377974165393807,4634.0,2024-04-18 03:55:24.863997112+00:00,2024041700481.0,-64.0,2.0,1064.0,3.0,True,HD185975,0.0,holo4_003,0.23058100939717172,187.1246645579815,0.0,-113.82569823229377,100.44972342600569,876.1384091577723,616.5324009389434,136.45831365889322,58.279202068613486,4.264490555987611,0.9860304560969,44.23156014808636,0.0,2.04593383700171,3.1.0,2.0,,60.0,2.04593383700171,-87.4674737167856,-112.49483485830245,17.25,745.1,6.94999980926514,empty,-65.638596528162,-417.35339850940005,18.138409157772386,515.0,1579.0,858.0,903.0,1064.0,45.0,2.0,11333.333333333334,1.0,1.0,0.0,1.0474406995474688,0.0010747278028572916,0.0,0.0,0.045774398772042126,0.00012068825618869201,0.0,0.006896004247338069,333.6918603871521,1.3263843614578956,3.4136896115966455,0.011259787760579579,1.0,0.0,1.0,0.0,186.95911571723528,0.0027946087701681242,0.6583155905529756,0.01027623416464597,-1.6940363201531294,0.0022926898099363763,0.22710491956536816,0.00013906495356344538,633.5687418771704,0.13084808100062334,949.8529269540364,0.0,531.5295692105519,0.0,-0.028579139493339498,0.0,0.0,0.0,0.0,0.0,0.0,0.0,3.2968520455300063,0.0018205849729643023,-1.2884279463426818,0.0040531624227877735,0.6606219368724473,0.009494271152670696,2.248322531946947,0.0009534363390920845,-0.3369292187623997,0.0021427634891326517,0.0736850761240054,0.005010959888865017,11333.333333333272,0.0,949.8529269540364,0.0,531.5295692105519,0.0,-0.028579139493339498,0.0,0.0,0.0,0.0,0.0,0.0,0.0,2.7843946335666954,0.007329741275944868,0.0,0.0,0.0,0.0,1.7663945349770778,0.0032984401404214533,0.0,0.0,0.0,0.0,11333.333333333272,0.0,949.8529269540364,0.0,531.5295692105519,0.0,-0.028579139493339498,0.0,0.0,0.0,0.0,0.0,0.0,0.0,3.799214129855558,0.0,0.0,0.0,0.0,0.0,2.574785865347055,0.0,0.0,0.0,0.0,0.0,11333.333333333272,0.0,1.0,0.0,0.0,0.0,0.049010558417501376,0.0007478263862544042,0.0,0.03619759725408206,483.4897576880181,8.004277969658716,2.04437788824437,0.03530900351358164,2.8898589882519894,0.11768797579499803,186.63856845631267,0.013474305089711407,0.9860304560969,0.0,0.0,0.0,2024-04-18 03:55:24.863997112+00:00,3949.059993,3949.059993
14,z,2024041800119,2024-04-19 03:21:08.914504960,13.483237355440442,14.454218371115676,0.0028418747377134,0.0039797874065879,13.457711318615743,14.33236923444056,0.0028249151837051,0.0054455304551051,y,2024041800120,2024-04-19 03:21:57.097996032,13.315140414405624,14.5608684512096,0.0048722304905232,0.0078128606095145,13.338240795328383,14.34414113175996,0.0063342534582324,0.0141760161892257,48.183491,1.6770835202076213,1.6833240061236543,1023.755883313198,1662.1481402675734,1467.5689733764923,140.5184020271992,1014.362150308542,1660.0662188304038,1458.1325518755143,138.80049726284304,-0.9709810156752336,0.004890292407053923,-0.874657915824816,0.006134651394545967,-1.2457280368039765,0.00920757410268781,-1.0059003364315764,0.015526822014511478,0.16809694103481831,0.005640468240991837,0.11947052328735985,0.0069356263356856775,-0.10665008009392452,0.008768095500468668,-0.011771897319400537,0.015185955252622941,0.27474702112874283,0.010425659724112257,0.1312424206067604,0.016694794086868008,14.454218371115676,14.5608684512096,14.33236923444056,14.34414113175996,4661.0,2024-04-19 04:08:12.168995619+00:00,2024041800144.0,-64.0,2.0,1064.0,3.0,True,HD185975,0.0,holo4_003,0.21681444881843945,187.0090396313668,0.0,-109.52920330732141,85.86069974087832,878.0743439555458,616.5324009389434,123.13315290254796,57.55937725853887,4.73722546932268,1.0117550934502977,49.43682804175339,0.0,2.034568748444,3.1.0,2.0,,60.0,2.034568748444,-87.4707502804022,-108.15605514184448,15.5749998092651,744.65,10.6000003814697,empty,-69.18594109544802,-417.30509443205784,17.07434395554587,500.0,1564.0,861.0,906.0,1064.0,45.0,2.0,11333.333333333334,1.0,1.0,0.0,0.9668902651327123,0.0011629325855381499,0.0,0.0,0.04858964732188229,0.0001199606086422297,0.23223171175096352,0.0067728335886753956,351.1660138557439,1.2910202655969252,1.917783662153606,0.00859819172707239,1.0,0.0,1.0,0.0,187.08287586886524,0.003177977296570103,-0.06711369339545978,0.010788095233699977,-2.069982974070352,0.002427083295667103,0.2095239726254278,0.00014658573129782264,638.3133219052521,0.13945366731779235,949.832211355137,0.0,531.5272049144131,0.0,-0.026564707516653557,0.0,0.0,0.0,0.0,0.0,0.0,0.0,3.806380395082211,0.002102828887250412,-2.001090556223899,0.0048612710966962295,0.5527657892587869,0.010629528587643362,2.3368531774239587,0.0010478191274901555,-0.5563269671150811,0.0024125301079382724,-0.027922837591476953,0.00522918622972043,11333.333333333272,0.0,949.832211355137,0.0,531.5272049144131,0.0,-0.026564707516653557,0.0,0.0,0.0,0.0,0.0,0.0,0.0,2.6008165871794016,0.007454535576386607,0.0,0.0,0.0,0.0,1.6914742550365613,0.0032996704772890965,0.0,0.0,0.0,0.0,11333.333333333272,0.0,949.832211355137,0.0,531.5272049144131,0.0,-0.026564707516653557,0.0,0.0,0.0,0.0,0.0,0.0,0.0,4.0943672247380745,0.0,0.0,0.0,0.0,0.0,2.499845466350157,0.0,0.0,0.0,0.0,0.0,11333.333333333272,0.0,1.0,0.0,0.0,0.0,0.030874688626975982,0.0008608563032065606,0.0,0.06549992447238218,329.48329901026807,8.254741913302361,2.0872749823003813,0.03795229972001423,3.9636713700839246,0.14657000399557274,186.70002055124561,0.0188738900521638,1.0117550934502977,0.0,0.0,0.0,2024-04-19 04:08:12.168995619+00:00,2823.25449,2823.25449
