,band1,exposure1,time1,psfMag11,psfMag12,psfMagErr11,psfMagErr12,apMag11,apMag12,apMagErr11,apMagErr12,band2,exposure2,time2,psfMag21,psfMag22,psfMagErr21,psfMagErr22,apMag21,apMag22,apMagErr21,apMagErr22,dt,airmassb1,airmassb2,x11,y11,x12,y12,x21,y21,x22,y22,deltapsfmag_s12b1,deltapsfmagErr_s12b1,deltaapmag_s12b1,deltaapmagErr_s12b1,deltapsfmag_s12b2,deltapsfmagErr_s12b2,deltaapmag_s12b2,deltaapmagErr_s12b2,psfcol12_s1,psfcol12Err_s1,apcol12_s1,apcol12Err_s1,psfcol12_s2,psfcol12Err_s2,apcol12_s2,apcol12Err_s2,psfcol12_s12,psfcol12Err_s12,apcol12_s12,apcol12Err_s12,psfmagmax_s12b1,psfmagmax_s12b2,apmagmax_s12b1,apmagmax_s12b2,index,DATE-OBS,id,BITPIX,NAXIS,NAXIS1,NAXIS2,EXTEND,TARGET,REDSHIFT,GRATING,ROTANGLE,D2CCD,LSHIFT,PARANGLE,TARGETX,TARGETY,LBDA_REF,PSF_REG,TRACE_R,MEANFWHM,PIXSHIFT,CHI2_FIT,A2_FIT,AM_FIT,VERSION,CCD_REBIN,CONFIG,EXPTIME,AIRMASS,DEC,HA,OUTTEMP,OUTPRESS,OUTHUM,FILTER,CAM_ROT,S_X0,S_Y0,S_XMIN,S_XMAX,S_YMIN,S_YMAX,S_NX,S_NY,S_DEG,S_SAT,S_ORDER,WINDSPD,WINDDIR,A1_x,A1_err_x,A2_x,A2_err_x,A3,A3_err,VAOD_x,VAOD_err_x,angstrom_exp_x,angstrom_exp_err_x,ozone [db]_x,ozone [db]_err_x,PWV [mm]_x,PWV [mm]_err_x,B_x,B_err_x,A_star,A_star_err,D_CCD [mm]_x,D_CCD [mm]_err_x,shift_x [pix],shift_x [pix]_err,shift_y [pix],shift_y [pix]_err,angle [deg],angle [deg]_err,P [hPa],P [hPa]_err,x_c_0_1,x_c_0_1_err,x_c_1_1,x_c_1_1_err,x_c_2_1,x_c_2_1_err,y_c_0_1,y_c_0_1_err,y_c_1_1,y_c_1_1_err,y_c_2_1,y_c_2_1_err,gamma_0_1,gamma_0_1_err,gamma_1_1,gamma_1_1_err,gamma_2_1,gamma_2_1_err,alpha_0_1,alpha_0_1_err,alpha_1_1,alpha_1_1_err,alpha_2_1,alpha_2_1_err,saturation_0_1,saturation_0_1_err,x_c_0_2,x_c_0_2_err,x_c_1_2,x_c_1_2_err,x_c_2_2,x_c_2_2_err,y_c_0_2,y_c_0_2_err,y_c_1_2,y_c_1_2_err,y_c_2_2,y_c_2_2_err,gamma_0_2,gamma_0_2_err,gamma_1_2,gamma_1_2_err,gamma_2_2,gamma_2_2_err,alpha_0_2,alpha_0_2_err,alpha_1_2,alpha_1_2_err,alpha_2_2,alpha_2_2_err,saturation_0_2,saturation_0_2_err,x_c_0_3,x_c_0_3_err,x_c_1_3,x_c_1_3_err,x_c_2_3,x_c_2_3_err,y_c_0_3,y_c_0_3_err,y_c_1_3,y_c_1_3_err,y_c_2_3,y_c_2_3_err,gamma_0_3,gamma_0_3_err,gamma_1_3,gamma_1_3_err,gamma_2_3,gamma_2_3_err,alpha_0_3,alpha_0_3_err,alpha_1_3,alpha_1_3_err,alpha_2_3,alpha_2_3_err,saturation_0_3,saturation_0_3_err,A1_y,A1_err_y,A2_y,A2_err_y,VAOD_y,VAOD_err_y,angstrom_exp_y,angstrom_exp_err_y,ozone [db]_y,ozone [db]_err_y,PWV [mm]_y,PWV [mm]_err_y,reso [nm],reso [nm]_err,D_CCD [mm]_y,D_CCD [mm]_err_y,alpha_pix [pix],alpha_pix [pix]_err,B_y,B_err_y,ex_id,ex_obs_id,ex_day_obs,ex_seq_num,ex_time_start,ex_time_end,ex_type,ex_target,ex_filter,ex_expos,ex_tr_ra,ex_tr_dec,ex_skyangle,ex_azimuth,ex_zenith,ex_science_program,ex_jd,ex_mjd,nightObs,Time,dt_abs_specphot,td_rel_specphot
0,z,2023112900603,2023-11-30 07:32:30.102009088,14.500500149856224,14.890786344190658,0.0041992077550246,0.0050402831320601,14.514120671814512,14.872349054809106,0.0056386489006949,0.0075030539028285,y,2023112900604,2023-11-30 07:33:18.040494080,14.42185156664014,14.857789825818536,0.0076244348037791,0.0099470513706534,14.435896926719122,14.842969610031222,0.013015682483306,0.0183205084089279,47.938484,1.0193063685964214,1.0188148976154852,3745.070982511735,1328.9540377137075,2093.431493329625,3712.280346320441,3735.42733808975,1330.0997171078122,2083.936124129486,3713.279617242803,-0.39028619433443446,0.006560320100512498,-0.3582283829945947,0.009385636861399326,-0.43593825917839624,0.012532989948431928,-0.40707268331209967,0.02247329568327344,0.07864858321608459,0.008704329488647404,0.07822374509538932,0.01418458148594968,0.03299651837212281,0.011151156219054026,0.029379444777884345,0.019797394935454207,0.04565206484396178,0.014146152723220687,0.048844300317504974,0.024354449247763626,14.890786344190658,14.857789825818536,14.872349054809106,14.842969610031222,2542,2023-11-30 06:01:13.001502429+00:00,2023112900508,-64,2,1021,3,True,HD2811,0.0,holo4_003,0.30378120879331233,186.99974546670617,0.0,107.23254063241419,102.7644505755771,869.1820405309539,555.5280480223172,2.5826318344897063,49.33820734520229,8.050224570865488,0.9675023442665702,25.299837866084047,0.0,2.19082034906294,3.1.0,2,,60.0,2.19082034906294,-43.6135997046553,80.28393232518985,11.5749998092651,739.4,31.7749996185303,empty,73.289088006226,-416.35708143790896,15.182040530953898,516,1537,854,899,1021,45,2,11333.333333333334,1,6.088200092315674,18.1468448638916,1.0,0.0,0.9949365632490023,0.0009644543927832362,0.0,0.0,0.0592894211064057,7.924675045564455e-05,0.03478903412949956,0.004851217246136466,300.017317168768,1.0173762965781878,3.3913151496338365,0.014347653159437219,1.0,0.0,1.0,0.0,187.5455359251653,0.004428311977881857,-1.9122285518531223,0.016992471172466155,-2.888530247847093,0.006014372339222106,0.22967681281430027,0.00041949842559929737,640.8410879221628,0.2520136186261019,927.3652599871482,0.0,510.036622460817,0.0,-0.03613613543704367,0.0,0.0,0.0,0.0,0.0,0.0,0.0,8.385311741086706,0.005605278854613549,-2.9921838388624558,0.012949096290336245,1.0646601631278352,0.028620663194680374,2.8664053671547487,0.0019996032866659835,-0.5787790285856984,0.0048676792210871015,0.14997786674818692,0.01064358868295774,11333.33333333336,0.0,927.3652599871482,0.0,510.036622460817,0.0,-0.03613613543704367,0.0,0.0,0.0,0.0,0.0,0.0,0.0,9.289769244785516,0.050303342057011195,0.0,0.0,0.0,0.0,2.8774665744129884,0.01898533424260129,0.0,0.0,0.0,0.0,11333.33333333336,0.0,927.3652599871482,0.0,510.036622460817,0.0,-0.03613613543704367,0.0,0.0,0.0,0.0,0.0,0.0,0.0,8.000236945668654,0.0,0.0,0.0,0.0,0.0,2.6929103163852512,0.0,0.0,0.0,0.0,0.0,11333.33333333336,0.0,1.0,0.0,0.0,0.0,0.0373865135635119,0.0006361982029389872,0.6883120696091612,0.05014642314990281,613.5888620403334,6.7789551784760045,0.0,0.016337133738968567,10.0,0.28294391262878765,188.45108987834763,0.03538164384079625,0.9675023442665702,0.0,0.0,0.0,2023112900508,AT_O_20231129_000508,20231129,508,2023-11-30 06:01:19.882005,2023-11-30 06:02:20.121,science,HD2811,empty~holo4_003,60.0,7.825373199359654,-43.61359970465534,196.7109119937737,233.3420938746463,62.99204215320967,spec-survey,2460278.7509245602,60278.25092456024,20231129,2023-11-30 06:01:13.001502429+00:00,5477.100507,-5477.100507
1,z,2023120400607,2023-12-05 07:35:16.149991936,14.520308496347278,14.901287155188715,0.0048680512550376,0.0056052195674258,14.51771682984595,14.89002631320195,0.0063627361308846,0.0073251887106551,y,2023120400608,2023-12-05 07:36:04.064002048,14.365006207412463,14.835611399387112,0.0085081377624595,0.0102862080123118,14.378106518959267,14.809503738178908,0.0144882767162701,0.0176394008814251,47.91401,1.0089430815984306,1.008700557422564,2996.868408133437,1452.5797153313406,1344.9978566745265,3835.5974935086574,2990.966995610136,1452.2729037828894,1339.0994194577504,3835.179848147673,-0.3809786588414372,0.00742404266021729,-0.3723094833560001,0.009702721304766682,-0.47060519197464856,0.013348950650052491,-0.43139721921964025,0.02282670860336275,0.15530228893481457,0.009802363552055316,0.13961031088668285,0.015823860884072467,0.06567575580160323,0.011714288782149796,0.08052257502304272,0.019099917620302175,0.08962653313321134,0.015274517762543701,0.059087735863640134,0.024803254350605045,14.901287155188715,14.835611399387112,14.89002631320195,14.809503738178908,2587,2023-12-05 07:54:48.307990779+00:00,2023120400623,-64,2,1020,3,True,HD185975,-6.5e-05,holo4_003,0.20383896277548946,186.96691280377584,0.0,174.65995728341073,104.38028730600759,877.0951419445437,616.0701446393384,1.643188928242785,51.44290170497628,7.186649308799694,0.9074744634670685,11.113826053909884,0.0,2.14227162009967,3.1.0,2,,60.0,2.14227162009967,-87.4787317019484,-185.4716721061915,8.69999980926514,738.95,24.7999992370605,empty,6.008048727976018,-417.48061615778323,18.095141944543656,520,1540,859,904,1020,45,2,11333.333333333334,1,10.34160041809082,24.940038681030273,1.0,0.0,1.1310962493932686,0.0017887714333619392,0.0,0.0,0.04909283249816731,0.0001159428406167948,0.11012616671017297,0.0064233940520400795,319.0333704144115,1.2064040498744302,3.188428554859125,0.010948796493475778,1.0,0.0,1.0,0.0,187.1422254278966,0.003928927801852056,-0.29829034735296156,0.01639763547794535,-1.8156367442296277,0.004933934511373729,0.21443538971196213,0.0003082703572515923,641.5594402374253,0.24890714458650726,927.8992491523055,0.0,509.52989056899264,0.0,-0.028241392007669265,0.0,0.0,0.0,0.0,0.0,0.0,0.0,6.591234870629629,0.004310130063571074,-2.1536276767526776,0.011089077757446903,1.8385322746199173,0.02319583425894963,2.939926880651607,0.0020187481288895946,-0.34836569610105017,0.005369122750378432,0.7116369123220863,0.011677313954719017,11333.333333333363,0.0,927.8992491523055,0.0,509.52989056899264,0.0,-0.028241392007669265,0.0,0.0,0.0,0.0,0.0,0.0,0.0,4.374652598113858,0.017607886438560517,0.0,0.0,0.0,0.0,1.7329580311373194,0.005241129171508946,0.0,0.0,0.0,0.0,11333.333333333363,0.0,927.8992491523055,0.0,509.52989056899264,0.0,-0.028241392007669265,0.0,0.0,0.0,0.0,0.0,0.0,0.0,6.802193729822287,0.0,0.0,0.0,0.0,0.0,3.0453806011985014,0.0,0.0,0.0,0.0,0.0,11333.333333333363,0.0,1.0,0.0,0.0,0.0,0.0479251551956533,0.0005748524408760278,0.24142287893174685,0.02843113617712053,360.12910192688236,6.501456086815884,2.8326846952748013,0.03212587974712638,1.4975368627564745,0.06297825515705911,186.829820004122,0.007478478942409941,0.9074744634670685,0.0,0.0,0.0,2023120400623,AT_O_20231204_000623,20231204,623,2023-12-05 07:54:55.186982,2023-12-05 07:55:55.429,science,HD185975,empty~holo4_003,60.0,306.9839005946236,-87.4787317019484,263.9919512720238,180.40223041040977,62.30516888580026,spec-survey,2460283.829805405,60283.32980540488,20231204,2023-12-05 07:54:48.307990779+00:00,1172.157998,1172.157998
2,z,2024022000329,2024-02-21 02:22:39.527995904,14.51283655121838,14.90691494277921,0.0045337915705842,0.0053580964486396,14.520714624257028,14.88190308506912,0.0059037171225946,0.0078804460858766,y,2024022000330,2024-02-21 02:23:28.466995968,14.423107375536858,14.921446906741034,0.0083494585202177,0.0107174805312859,14.419501905520654,14.97803781161252,0.0133094982507745,0.0216382801594693,48.939,1.0110080271192186,1.0106951002595863,3641.344711092312,1559.8185654359495,1989.578578651685,3943.3651082810215,3631.486199135376,1562.1651386521455,1979.8080030581248,3945.7778602059993,-0.39407839156083035,0.007018864834032968,-0.361188460812091,0.009846588565387735,-0.4983395312041754,0.013585942974977049,-0.5585359060918655,0.025403895605734413,0.08972917568152106,0.009500985400806397,0.10121271873637383,0.014560103693002537,-0.01453196396182399,0.011982219597863187,-0.09613472654340072,0.023028603925815624,0.10426113964334505,0.01529190341578683,0.19734744527977455,0.027245425640335975,14.90691494277921,14.921446906741034,14.88190308506912,14.97803781161252,2881,2024-02-21 03:14:39.458507069+00:00,2024022000378,-64,2,1021,3,True,HD38666,0.000364,holo4_003,0.23450310946677547,187.05714594400894,0.0,97.99215154989616,103.22761165272897,866.199989970126,500.38579450508627,79.13616496498608,56.29804724837771,4.3940054462473785,1.2393735208490622,166.13282909210068,0.0,1.22600014068268,3.1.0,2,,30.0,1.22600014068268,-32.3177761758415,41.65960486039171,13.125,744.95,56.0999984741211,empty,82.174830176809,-416.5231461204212,17.199989970126012,516,1537,849,894,1021,45,2,22666.666666666668,1,1.9182000160217285,10.395000457763672,1.0,0.0,0.9536498987167533,0.0003760697446905222,0.0,0.0,0.06355655532438965,0.00012807005507654395,0.28923339146606664,0.010786451171313905,388.08618953456744,1.9003268058826772,4.430029229917588,0.026575122406956066,1.0,0.0,1.0,0.0,187.43556544074823,0.004074091265421483,-1.0446005475137514,0.009588965638270925,-1.8627745922023775,0.001057642005574352,0.23091253410054954,7.736948023318552e-05,487.9775026334966,0.18472137277971373,927.7770821364245,0.0,510.00828745055304,0.0,-0.008211379968318274,0.0,0.0,0.0,0.0,0.0,0.0,0.0,2.8438569061478414,0.0010019195268201628,0.23338629416808418,0.0031143441674399493,0.5159781611024338,0.005461810542316363,1.9283336253068628,0.00036530507796504806,0.05554176691945325,0.0014429142720485376,-0.07676817326425497,0.0022997571022800264,22666.666666666715,0.0,927.7770821364245,0.0,510.00828745055304,0.0,-0.008211379968318274,0.0,0.0,0.0,0.0,0.0,0.0,0.0,3.462471788187389,0.003156144586447441,0.0,0.0,0.0,0.0,1.9675527924954352,0.0013447070550001213,0.0,0.0,0.0,0.0,22666.666666666715,0.0,927.7770821364245,0.0,510.00828745055304,0.0,-0.008211379968318274,0.0,0.0,0.0,0.0,0.0,0.0,0.0,3.229772689578594,0.0,0.0,0.0,0.0,0.0,2.091539874080813,0.0,0.0,0.0,0.0,0.0,22666.666666666715,0.0,1.0,0.0,0.0,0.0,0.10903581518787386,0.0009621505501688052,0.6661290556967538,0.023139205415084164,518.0361330361101,11.032750822249325,5.00864503980663,0.05539908271387011,1.5973663654948558,0.06996244187749891,186.85661035016562,0.007725449471098912,1.2393735208490622,0.0,0.0,0.0,2024022000378,AT_O_20240220_000378,20240220,378,2024-02-21 03:15:01.337014,2024-02-21 03:15:31.580,science,HD38666,empty~holo4_003,30.0,86.5017005922968,-32.31777617584151,187.8251698231913,255.64766120163517,35.43956300952204,spec-survey,2460361.6354321414,60361.13543214137,20240220,2024-02-21 03:14:39.458507069+00:00,3119.930511,3119.930511
3,z,2024022900070,2024-03-01 01:00:30.277007104,14.49469816720182,14.89520310923365,0.0049718532403202,0.0057839531371509,14.513772925460122,14.891236641915668,0.0066529441043752,0.0077759054923488,y,2024022900075,2024-03-01 01:05:10.962993920,14.331929033995198,14.836691570522904,0.0094107672682413,0.0124497594488192,14.32355400449963,14.848156573341043,0.014228213262354,0.0204180250902275,280.685986,1.045084198640966,1.0402741427850877,2613.0262421169746,742.7917996456877,961.280193202902,3126.322527399756,2043.5084132470367,764.9434314480015,391.1174865555427,3147.8083542947807,-0.40050494203183007,0.007627151403770625,-0.3774637164555461,0.010233590351478849,-0.5047625365277053,0.015606378532845626,-0.5246025688414129,0.024886498372092968,0.16276913320662167,0.010643395380247991,0.19021892096049164,0.015706804827684304,0.058511538710746436,0.013727731940354192,0.043080068574624875,0.021848580155495227,0.10425759449587524,0.017370448740504803,0.14713885238586677,0.026908440547643537,14.89520310923365,14.836691570522904,14.891236641915668,14.848156573341043,2938,2024-03-01 02:41:41.784502220+00:00,2024022900157,-64,2,1020,3,True,HD38666,0.000364,holo4_003,0.24400971097169943,185.26773333531398,0.0,98.22256968819609,100.9918028684797,866.2652183621642,500.38579450508627,155.91036921260192,56.060316406687846,3.6748362433828876,0.2681178631360616,706.5273104608101,0.0,1.23380801379135,3.1.0,2,,30.0,1.23380801379135,-32.3124399136199,42.26464623418819,15.875,744.35,17.6000003814697,empty,81.98252007154201,-418.5705967919001,17.26521836216422,517,1537,849,894,1020,45,2,22666.666666666668,1,3.919800043106079,172.94000244140625,1.0,0.0,0.9893492154316954,0.0003727346217050988,0.0,0.0,0.0509023719453704,0.00012013313341743583,0.4860153543340333,0.013829175396048244,416.9092136389863,1.8399436488348189,4.031708707998156,0.02592911443366441,1.0,0.0,1.0,0.0,187.1903826927224,0.002900381670651905,0.295528606751764,0.0013096702189170706,-1.7583743382711143,0.001124642808605591,0.22674784138232296,8.31167825098174e-05,481.2255834524977,0.1772203697169016,928.3537106212686,0.0,509.50806821538396,0.0,-0.008004403219205758,0.0,0.0,0.0,0.0,0.0,0.0,0.0,2.4988265521608506,0.0009220520586428421,-0.9929211406769003,0.0023266095673777206,0.09510089335059331,0.004349691041189693,1.8076429582809668,0.0003217403507120685,-0.19521345055156358,0.0011053217885955762,-0.17944955245554473,0.0018060467479182095,22666.666666666737,0.0,928.3537106212686,0.0,509.50806821538396,0.0,-0.008004403219205758,0.0,0.0,0.0,0.0,0.0,0.0,0.0,2.506663631983352,0.0023342890178096698,0.0,0.0,0.0,0.0,1.6982682853860023,0.0009510949883269225,0.0,0.0,0.0,0.0,22666.666666666737,0.0,928.3537106212686,0.0,509.50806821538396,0.0,-0.008004403219205758,0.0,0.0,0.0,0.0,0.0,0.0,0.0,2.8200610705805835,0.0,0.0,0.0,0.0,0.0,1.9165351084593396,0.0,0.0,0.0,0.0,0.0,22666.666666666737,0.0,1.0,0.0,0.0,0.0,0.14050750979334042,0.001066721395472258,0.0,0.01704036499632501,0.0,14.453053922105951,0.030270372512132937,0.018213623864260356,0.1,1.1063249061214905e-05,183.26773333531398,0.009142260528628807,0.2681178631360616,0.0,0.0,0.0,2024022900157,AT_O_20240229_000157,20240229,157,2024-03-01 02:42:03.669004,2024-03-01 02:42:33.900,science,HD38666,empty~holo4_003,30.0,86.50429610749835,-32.31243991361993,188.01747992845796,255.5323613613819,35.94747186548736,spec-survey,2460370.6125424653,60370.11254246533,20240229,2024-03-01 02:41:41.784502220+00:00,6071.507495,6071.507495
4,z,2024031400211,2024-03-15 04:48:07.358492928,14.511115053113162,14.919226518446818,0.0045088527462681,0.0052708917457665,14.49818575832206,14.908851080379248,0.0062502940886144,0.0076952552087812,y,2024031400212,2024-03-15 04:48:55.114993920,14.357654718976963,14.818893798553802,0.0081086720185791,0.0099205453650227,14.338977211018092,14.829280876841915,0.0140522923974086,0.019116869126411,47.7565,1.3742800678890916,1.3778957733996873,2081.356083481046,1296.7234506774696,428.0786706523081,3678.549052205704,2070.2828720475973,1297.2874683966788,417.10479844216667,3679.04014758505,-0.40811146533365594,0.006936285236574316,-0.41066532205718786,0.00991378479302644,-0.4612390795768384,0.012812797596323805,-0.49030366582382356,0.023725969038557598,0.15346033413619864,0.009277947779138287,0.15920854730396883,0.015379632564415694,0.10033271989301618,0.01123385597802744,0.07957020353733313,0.02060756263910413,0.053127614243182464,0.014569826187277592,0.0796383437666357,0.025713901604794167,14.919226518446818,14.818893798553802,14.908851080379248,14.829280876841915,3152,2024-03-15 05:24:36.211006237+00:00,2024031400247,-64,2,1020,3,True,HD185975,-6.5e-05,holo4_003,0.2198615209699604,187.05165542427784,0.0,-124.58035480923299,105.91293932032262,875.8023336369102,616.0701446393384,12.039958777952226,54.31646362703526,5.080572706237033,1.1107371642038124,6.889300347159738,0.0,2.07326691828503,3.1.0,2,,60.0,2.07326691828503,-87.4715268782969,-123.39214868138947,18.4249992370605,742.85,3.57500004768372,empty,-54.46802518808198,-417.7212521498588,17.802333636910205,520,1540,858,903,1020,45,2,11333.333333333334,1,0.9174000024795532,6.929999828338623,1.0,0.0,1.0423394678236526,0.0014654554106982168,0.0,0.0,0.038377677968994356,0.00012540545796884236,0.13652958838406543,0.009003640086340529,306.3761544705221,1.297652614548271,2.1516059604304156,0.009108462661452025,1.0,0.0,1.0,0.0,187.1491649459191,0.004401301699679315,-0.16960458617015461,0.019427584863441427,-1.9718746708201633,0.0032574709136916,0.22241060552059022,0.0002008007102197268,633.7044746788222,0.1841544955942951,928.3451313478582,0.0,509.52882183169964,0.0,-0.027368669792606996,0.0,0.0,0.0,0.0,0.0,0.0,0.0,3.8332037073314877,0.002042132891538023,-1.5419364843292416,0.0049556781015175876,0.9009602257933134,0.010242598759733127,2.152704653388142,0.0008672695397662718,-0.3097007703716789,0.0021180138236345787,0.16376318031228318,0.004444648923999477,11333.333333333367,0.0,928.3451313478582,0.0,509.52882183169964,0.0,-0.027368669792606996,0.0,0.0,0.0,0.0,0.0,0.0,0.0,3.4328189166920473,0.011962159292744091,0.0,0.0,0.0,0.0,1.7448725900702196,0.004467847399210227,0.0,0.0,0.0,0.0,11333.333333333367,0.0,928.3451313478582,0.0,509.52882183169964,0.0,-0.027368669792606996,0.0,0.0,0.0,0.0,0.0,0.0,0.0,3.9353634492986953,0.0,0.0,0.0,0.0,0.0,2.1977223841713607,0.0,0.0,0.0,0.0,0.0,11333.333333333367,0.0,1.0,0.0,0.0,0.0,0.03685553354834326,0.0005962886136537898,0.1498560354248305,0.03800453138333208,340.068178424022,6.738237541978894,2.0515244858465764,0.029226137681995872,2.0590118342371846,0.07845114333041484,186.8291415480261,0.009406081971250393,1.1107371642038124,0.0,0.0,0.0,2024031400247,AT_O_20240314_000247,20240314,247,2024-03-15 05:24:43.096012,2024-03-15 05:25:43.326,science,HD185975,empty~holo4_003,60.0,306.79791842437004,-87.47152687829688,324.46802518808175,177.5850319008443,61.285595223374166,spec-survey,2460384.7254987964,60384.22549879644,20240314,2024-03-15 05:24:36.211006237+00:00,2188.852513,2188.852513
5,z,2024032500204,2024-03-26 03:56:37.583004928,14.528265034451689,14.888074820158126,0.0045729103719618,0.0053723247572376,14.516655847817578,14.89812036700772,0.0060031357004164,0.008133316695931,y,2024032500205,2024-03-26 03:57:25.310508032,14.48439450917197,14.951345378325843,0.0080531174817781,0.0100666586080812,14.52835571564256,14.892471960219932,0.0139057246891005,0.019237870255705,47.727503,1.339266438269968,1.3426015046347055,3638.1977001429473,1297.500294601113,1986.2615656797968,3680.775053132671,3627.631602742828,1296.6445990062389,1975.2169398192,3679.1291801677994,-0.35980978570643707,0.007055025341359438,-0.3814645191901427,0.010108831718548086,-0.46695086915387307,0.012891482331639576,-0.3641162445773727,0.023737414162128073,0.043870525279718464,0.009260896848864901,-0.01169986782498178,0.015146181610117881,-0.06327055816771754,0.011410499061341855,0.005648406787788218,0.020886514607555976,0.107141083447436,0.014695703429036639,0.01734827461277,0.02580025794092614,14.888074820158126,14.951345378325843,14.89812036700772,14.892471960219932,3196,2024-03-26 03:09:55.225992146+00:00,2024032500157,-64,2,1020,3,True,HD38666,0.000364,holo4_003,0.22148412010038648,187.13592097795433,0.0,109.75892761570124,98.69068315825608,865.4402626497985,500.38579450508627,2.719372423802926,147.5280127086179,4.422774067438761,1.034922521982081,169.1218076513129,0.0,2.11364952418935,3.1.0,2,,30.0,2.11364952418935,-32.3205846300947,73.99230677063201,14.8999996185303,743.6,52.7999992370605,empty,70.422657713776,-417.4745818281487,15.440262649798441,514,1534,850,895,1020,45,2,22666.666666666668,1,2.0850000381469727,32.150001525878906,1.0,0.0,0.9690968168620374,0.0003361797190561851,0.0,0.0,0.03507741057588895,6.029837429027121e-05,0.4645996212026171,0.006892467246467205,366.01977251074334,0.7801730647432061,4.401010165851177,0.011062453921625245,1.0,0.0,1.0,0.0,187.0076334686361,0.002121672886458585,0.9409350122799514,0.00575119994764683,-3.8156221865406494,0.0008796962373489726,0.21845540115133288,5.791911331268456e-05,633.8726011775391,0.048119206022246716,928.0475933809342,0.0,509.5262331826018,0.0,-0.026340707430998995,0.0,0.0,0.0,0.0,0.0,0.0,0.0,2.9371494168667125,0.0008964593291555994,-0.8664168384151126,0.0018916088340301166,0.3305701259038926,0.00399315356323114,1.921685185510216,0.0003289800569317251,-0.0903811712175699,0.0007898453518111837,-0.11760321233460941,0.0015278425425393747,22666.666666666726,0.0,928.0475933809342,0.0,509.5262331826018,0.0,-0.026340707430998995,0.0,0.0,0.0,0.0,0.0,0.0,0.0,2.7082987364860216,0.002358108220591026,0.0,0.0,0.0,0.0,1.720657742141872,0.0009555686162345637,0.0,0.0,0.0,0.0,22666.666666666726,0.0,928.0475933809342,0.0,509.5262331826018,0.0,-0.026340707430998995,0.0,0.0,0.0,0.0,0.0,0.0,0.0,3.2861834261165925,0.0,0.0,0.0,0.0,0.0,2.056009765241989,0.0,0.0,0.0,0.0,0.0,22666.666666666726,0.0,1.0,0.0,0.0,0.0,0.044440874425531046,0.0005545337746953506,0.8314981693616441,0.03483426894849764,372.6464891714643,6.403019837612942,5.0960134611141505,0.04555499197574253,3.8441444203217685,0.08435233908128044,186.85867001643595,0.010678900064364382,1.034922521982081,0.0,0.0,0.0,2024032500157,AT_O_20240325_000157,20240325,157,2024-03-26 03:10:17.108984,2024-03-26 03:10:47.343,science,HD38666,empty~holo4_003,30.0,86.49222858433951,-32.32058463009475,199.57734228622436,247.01966529189176,61.91644861534946,spec-survey,2460395.632142465,60395.132142465096,20240325,2024-03-26 03:09:55.225992146+00:00,2802.357013,-2802.357013
6,z,2024032500208,2024-03-26 04:00:32.601004032,14.570813889105343,14.924186825657651,0.0044225480968632,0.0050901301232701,14.535953252250266,14.90109359985533,0.0066993032952613,0.0079739549019974,y,2024032500209,2024-03-26 04:01:20.375507968,14.369352770178123,14.83528133457337,0.0087569311838232,0.0105199731222037,14.3745846615297,14.844267139979188,0.0154624369130798,0.0199864843733296,47.774503,1.3556571009322755,1.3591249171657045,3079.804918588088,1303.9629320991717,1426.772008638563,3685.930493176381,3067.3993860676337,1303.7269454035948,1414.6391329873754,3686.244313660386,-0.35337293655230795,0.0067430227895870255,-0.3651403476050632,0.010414634963405453,-0.4659285643952469,0.013687719979971225,-0.46968247844948685,0.02526947789124898,0.20146111892722018,0.009810340229945317,0.1613685907205653,0.016851338817223744,0.08890549108428125,0.011686712932373668,0.056826459876141655,0.02151844591006601,0.11255562784293893,0.015258506958119903,0.10454213084442365,0.027331504428357183,14.924186825657651,14.83528133457337,14.90109359985533,14.844267139979188,3196,2024-03-26 03:09:55.225992146+00:00,2024032500157,-64,2,1020,3,True,HD38666,0.000364,holo4_003,0.22148412010038648,187.13592097795433,0.0,109.75892761570124,98.69068315825608,865.4402626497985,500.38579450508627,2.719372423802926,147.5280127086179,4.422774067438761,1.034922521982081,169.1218076513129,0.0,2.11364952418935,3.1.0,2,,30.0,2.11364952418935,-32.3205846300947,73.99230677063201,14.8999996185303,743.6,52.7999992370605,empty,70.422657713776,-417.4745818281487,15.440262649798441,514,1534,850,895,1020,45,2,22666.666666666668,1,2.0850000381469727,32.150001525878906,1.0,0.0,0.9690968168620374,0.0003361797190561851,0.0,0.0,0.03507741057588895,6.029837429027121e-05,0.4645996212026171,0.006892467246467205,366.01977251074334,0.7801730647432061,4.401010165851177,0.011062453921625245,1.0,0.0,1.0,0.0,187.0076334686361,0.002121672886458585,0.9409350122799514,0.00575119994764683,-3.8156221865406494,0.0008796962373489726,0.21845540115133288,5.791911331268456e-05,633.8726011775391,0.048119206022246716,928.0475933809342,0.0,509.5262331826018,0.0,-0.026340707430998995,0.0,0.0,0.0,0.0,0.0,0.0,0.0,2.9371494168667125,0.0008964593291555994,-0.8664168384151126,0.0018916088340301166,0.3305701259038926,0.00399315356323114,1.921685185510216,0.0003289800569317251,-0.0903811712175699,0.0007898453518111837,-0.11760321233460941,0.0015278425425393747,22666.666666666726,0.0,928.0475933809342,0.0,509.5262331826018,0.0,-0.026340707430998995,0.0,0.0,0.0,0.0,0.0,0.0,0.0,2.7082987364860216,0.002358108220591026,0.0,0.0,0.0,0.0,1.720657742141872,0.0009555686162345637,0.0,0.0,0.0,0.0,22666.666666666726,0.0,928.0475933809342,0.0,509.5262331826018,0.0,-0.026340707430998995,0.0,0.0,0.0,0.0,0.0,0.0,0.0,3.2861834261165925,0.0,0.0,0.0,0.0,0.0,2.056009765241989,0.0,0.0,0.0,0.0,0.0,22666.666666666726,0.0,1.0,0.0,0.0,0.0,0.044440874425531046,0.0005545337746953506,0.8314981693616441,0.03483426894849764,372.6464891714643,6.403019837612942,5.0960134611141505,0.04555499197574253,3.8441444203217685,0.08435233908128044,186.85867001643595,0.010678900064364382,1.034922521982081,0.0,0.0,0.0,2024032500157,AT_O_20240325_000157,20240325,157,2024-03-26 03:10:17.108984,2024-03-26 03:10:47.343,science,HD38666,empty~holo4_003,30.0,86.49222858433951,-32.32058463009475,199.57734228622436,247.01966529189176,61.91644861534946,spec-survey,2460395.632142465,60395.132142465096,20240325,2024-03-26 03:09:55.225992146+00:00,3037.375012,-3037.375012
7,z,2024032500212,2024-03-26 04:04:20.347003904,14.511764645192308,14.923154987463365,0.0045566905304998,0.0052994875758865,14.516983288560596,14.879016933405522,0.0066322324963849,0.0079637403645076,y,2024032500213,2024-03-26 04:05:08.963502080,14.426006400480084,14.890549043064524,0.0081784444700346,0.0102010993560989,14.377767986969204,14.868181813374232,0.014380700079138,0.0197449009745959,48.616498,1.3721395632763618,1.3758034376100117,2518.1028257217044,1310.379990139117,864.7522351807596,3692.3231536710778,2507.1206622512536,1310.9976581744877,854.0926158458777,3693.069786028128,-0.41139034227105675,0.006989134220897602,-0.3620336448449262,0.010363767098858964,-0.46454264258444056,0.013074761260628849,-0.4904138264050282,0.024426740455138866,0.08575824471222404,0.009362178301025145,0.13921530159139195,0.015836383509255626,0.032605944398840236,0.011495520720697117,0.010835120031289946,0.02129042684142067,0.053152300313383805,0.014825565054329729,0.128380181560102,0.02653437992006049,14.923154987463365,14.890549043064524,14.879016933405522,14.868181813374232,3196,2024-03-26 03:09:55.225992146+00:00,2024032500157,-64,2,1020,3,True,HD38666,0.000364,holo4_003,0.22148412010038648,187.13592097795433,0.0,109.75892761570124,98.69068315825608,865.4402626497985,500.38579450508627,2.719372423802926,147.5280127086179,4.422774067438761,1.034922521982081,169.1218076513129,0.0,2.11364952418935,3.1.0,2,,30.0,2.11364952418935,-32.3205846300947,73.99230677063201,14.8999996185303,743.6,52.7999992370605,empty,70.422657713776,-417.4745818281487,15.440262649798441,514,1534,850,895,1020,45,2,22666.666666666668,1,2.0850000381469727,32.150001525878906,1.0,0.0,0.9690968168620374,0.0003361797190561851,0.0,0.0,0.03507741057588895,6.029837429027121e-05,0.4645996212026171,0.006892467246467205,366.01977251074334,0.7801730647432061,4.401010165851177,0.011062453921625245,1.0,0.0,1.0,0.0,187.0076334686361,0.002121672886458585,0.9409350122799514,0.00575119994764683,-3.8156221865406494,0.0008796962373489726,0.21845540115133288,5.791911331268456e-05,633.8726011775391,0.048119206022246716,928.0475933809342,0.0,509.5262331826018,0.0,-0.026340707430998995,0.0,0.0,0.0,0.0,0.0,0.0,0.0,2.9371494168667125,0.0008964593291555994,-0.8664168384151126,0.0018916088340301166,0.3305701259038926,0.00399315356323114,1.921685185510216,0.0003289800569317251,-0.0903811712175699,0.0007898453518111837,-0.11760321233460941,0.0015278425425393747,22666.666666666726,0.0,928.0475933809342,0.0,509.5262331826018,0.0,-0.026340707430998995,0.0,0.0,0.0,0.0,0.0,0.0,0.0,2.7082987364860216,0.002358108220591026,0.0,0.0,0.0,0.0,1.720657742141872,0.0009555686162345637,0.0,0.0,0.0,0.0,22666.666666666726,0.0,928.0475933809342,0.0,509.5262331826018,0.0,-0.026340707430998995,0.0,0.0,0.0,0.0,0.0,0.0,0.0,3.2861834261165925,0.0,0.0,0.0,0.0,0.0,2.056009765241989,0.0,0.0,0.0,0.0,0.0,22666.666666666726,0.0,1.0,0.0,0.0,0.0,0.044440874425531046,0.0005545337746953506,0.8314981693616441,0.03483426894849764,372.6464891714643,6.403019837612942,5.0960134611141505,0.04555499197574253,3.8441444203217685,0.08435233908128044,186.85867001643595,0.010678900064364382,1.034922521982081,0.0,0.0,0.0,2024032500157,AT_O_20240325_000157,20240325,157,2024-03-26 03:10:17.108984,2024-03-26 03:10:47.343,science,HD38666,empty~holo4_003,30.0,86.49222858433951,-32.32058463009475,199.57734228622436,247.01966529189176,61.91644861534946,spec-survey,2460395.632142465,60395.132142465096,20240325,2024-03-26 03:09:55.225992146+00:00,3265.121012,-3265.121012
8,z,2024032900446,2024-03-30 03:30:21.834496000,14.580399788298845,14.90972556682224,0.0044024300543485,0.0050114373741978,14.531906014971934,14.905551206896956,0.0066710775919353,0.0076856211383862,y,2024032900447,2024-03-30 03:31:10.468492032,14.41275961273895,14.802660016640168,0.0085144039309353,0.0102303542546389,14.400770104780651,14.775703165843955,0.0165603196779776,0.0192054162214861,48.633996,1.2971019967596054,1.3001607986855237,2987.099619730027,1177.5694231837988,1334.185331439988,3560.3432402468816,2973.855237988052,1176.855787158198,1322.259357528133,3558.00074434503,-0.32932577852339584,0.006670524337631749,-0.37364519192502144,0.01017703535025943,-0.3899004039012173,0.013309967035065666,-0.37493306106330415,0.025359262609100715,0.1676401755598942,0.009585221159814594,0.1311359101912828,0.01785350005109456,0.10706555018207276,0.01139186783327979,0.12984804105300007,0.020686149581865886,0.060574625377821434,0.014887952089306045,0.0012878691382827157,0.027325157796392753,14.90972556682224,14.802660016640168,14.905551206896956,14.775703165843955,3273,2024-03-30 02:40:55.030992937+00:00,2024032900396,-64,2,1021,3,True,HD38666,0.000364,holo4_003,0.22648737483212086,187.02548612637128,0.0,108.50000068299383,101.24697961176581,867.1375816164198,500.38579450508627,1.476499648218677,164.1405451078547,4.276371572202041,1.094617158515511,98.53252800259133,0.0,1.94820290122455,3.1.0,2,,30.0,1.94820290122455,-32.3120473184704,70.65497992598512,14.5249996185303,746.45,42.5999984741211,empty,71.74502958782799,-416.1482092824024,16.13758161641981,514,1535,851,896,1021,45,2,22666.666666666668,1,1.5845999717712402,194.50498962402344,1.0,0.0,0.9610147121093038,0.00028665974069131284,0.0,0.0,0.058936145316991824,6.834499943216862e-05,0.6054215039609455,0.004609893886396979,370.0426425903246,0.8755935277545345,8.350212002921719,0.016959531446841584,1.0,0.0,1.0,0.0,187.03959336506912,0.0018814694441253894,0.9189951016957065,0.006384415675172541,-3.3250188425434617,0.0008936827718570597,0.22732977945930452,6.022592780826919e-05,627.5824437744623,0.052176327754770935,927.2758243539217,0.0,510.02501060033086,0.0,-0.024782131445242314,0.0,0.0,0.0,0.0,0.0,0.0,0.0,3.080903991833864,0.0009377455609547722,-1.1972779626224064,0.0018861524215953922,0.07310722792237614,0.004168633973793066,2.064218329404466,0.00037773496697473397,-0.29882328581786977,0.0008009593859658407,-0.20007720541177496,0.001679023038596738,22666.666666666726,0.0,927.2758243539217,0.0,510.02501060033086,0.0,-0.024782131445242314,0.0,0.0,0.0,0.0,0.0,0.0,0.0,3.16370134267165,0.0027970435821598623,0.0,0.0,0.0,0.0,1.9955969109520524,0.00126548564007865,0.0,0.0,0.0,0.0,22666.666666666726,0.0,927.2758243539217,0.0,510.02501060033086,0.0,-0.024782131445242314,0.0,0.0,0.0,0.0,0.0,0.0,0.0,3.3065623710481638,0.0,0.0,0.0,0.0,0.0,2.1545075671978573,0.0,0.0,0.0,0.0,0.0,22666.666666666726,0.0,1.0,0.0,0.0,0.0,0.06671453713961263,0.0005999352494073847,0.825379768817132,0.024231105708236195,370.0864811234338,6.915945110874116,9.383324215449784,0.05595644139157782,1.2790019286881915,0.04508703833412028,186.96952528987455,0.004310290612669175,1.094617158515511,0.0,0.0,0.0,2024032900396,AT_O_20240329_000396,20240329,396,2024-03-30 02:41:16.911986,2024-03-30 02:41:47.150,science,HD38666,empty~holo4_003,30.0,86.50133297194338,-32.31204731847038,198.25497041217153,248.08982921663124,59.2575098115021,spec-survey,2460399.612001296,60399.11200129613,20240329,2024-03-30 02:40:55.030992937+00:00,2966.803504,-2966.803504
9,z,2024040100461,2024-04-02 03:31:06.388999936,14.51801896449556,14.891346718046393,0.0043808634282816,0.0050999881025692,14.513923762497722,14.889116659729098,0.006588521584849,0.0076791803961899,y,2024040100462,2024-04-02 03:31:54.201494016,14.340748139251236,14.78006001068547,0.0083659751665422,0.0103949639455086,14.328966158392635,14.76694592033574,0.0157526788716707,0.0201086898555938,47.812494,1.3471405591656855,1.3505446680905495,2542.1960247438674,1082.191537399365,889.1534845215062,3464.159669324308,2531.91531194611,1080.6056066843455,878.658051798059,3462.795653921423,-0.37332775355083214,0.0067232315908053175,-0.3751928972313756,0.010118222582610468,-0.4393118714342332,0.013343343505869304,-0.4379797619431045,0.025544202851967047,0.17727082524432447,0.009443595971051282,0.18495760410508666,0.017074996582957247,0.11128670736092339,0.011578650788186469,0.12217073939335776,0.02152508349033026,0.06598411788340108,0.014941440992729822,0.0627868647117289,0.027475165651433115,14.891346718046393,14.78006001068547,14.889116659729098,14.76694592033574,3295,2024-04-02 02:35:11.831498055+00:00,2024040100406,-64,2,1020,3,True,HD38666,0.000364,holo4_003,0.24673954937808776,187.00788957813512,0.0,109.07848360529306,103.09537273330719,866.3177571033353,500.38579450508627,5.011704175640012,120.6749334006816,5.7209637327384355,1.0244694238194263,88.41385355453684,0.0,2.02032394384453,3.1.0,2,,30.0,2.02032394384453,-32.3066002359385,72.18329711948572,14.4499998092651,744.35,22.1499996185303,empty,71.09208593143501,-417.2339028978561,15.317757103335339,517,1537,851,896,1020,45,2,22666.666666666668,1,6.588600158691406,19.069961547851562,1.0,0.0,0.9940453253166297,0.0002924620217374496,0.0,0.0,0.04359912052662924,5.74851512855432e-05,0.23062527065199567,0.005482291576276721,322.61885731698203,0.7748111061560363,9.577224741244008,0.020529071980049336,1.0,0.0,1.0,0.0,187.3381531764234,0.002195303272737594,-1.2904462551147713,0.007966641243383239,-3.799334660707863,0.0014078751840057907,0.2308212897999921,0.0001013321789851765,626.2653591403455,0.06951262305670579,927.7995894006979,0.0,509.5266445079548,0.0,-0.02683723644578367,0.0,0.0,0.0,0.0,0.0,0.0,0.0,5.001880356914775,0.0015980970234954358,-1.902885794817645,0.0035844471231474976,0.20212316164849703,0.007795024982641098,2.3511943223502993,0.0005699042194848922,-0.46858429885726216,0.0013839222740806927,-0.15954757109595233,0.002851628556380124,22666.666666666733,0.0,927.7995894006979,0.0,509.5266445079548,0.0,-0.02683723644578367,0.0,0.0,0.0,0.0,0.0,0.0,0.0,5.422150140084657,0.006232313006928237,0.0,0.0,0.0,0.0,2.2862184438575253,0.00239040880852225,0.0,0.0,0.0,0.0,22666.666666666733,0.0,927.7995894006979,0.0,509.5266445079548,0.0,-0.02683723644578367,0.0,0.0,0.0,0.0,0.0,0.0,0.0,5.880031549917183,0.0,0.0,0.0,0.0,0.0,2.6990936471746676,0.0,0.0,0.0,0.0,0.0,22666.666666666733,0.0,1.0,0.0,0.0,0.0,0.062980657197399,0.000616282330760757,1.4502268257373299,0.04033958847887901,500.5023753407513,7.06724782708057,0.6098963272883458,0.021210713161335902,7.484295129058465,0.2481346553905473,188.18872870251786,0.03620614707998041,1.0244694238194263,0.0,0.0,0.0,2024040100406,AT_O_20240401_000406,20240401,406,2024-04-02 02:35:33.704996,2024-04-02 02:36:03.958,science,HD38666,empty~holo4_003,30.0,86.49594147150184,-32.30660023593852,198.907914068565,247.61489368838107,60.48057923990994,spec-survey,2460402.608028993,60402.10802899301,20240401,2024-04-02 02:35:11.831498055+00:00,3354.557502,-3354.557502
10,z,2024040200490,2024-04-03 03:37:37.680003072,14.630740790826064,14.95056604049191,0.0046208339953105,0.0053041140973126,14.527908061167668,14.900110334657882,0.0064668041954835,0.0077328941211544,y,2024040200491,2024-04-03 03:38:26.387995904,14.467176066118306,14.956279285486849,0.008931360248345,0.0106986618168772,14.51853037687593,14.92087799752018,0.0161160320238109,0.019976302590552,48.707992,1.394500327700223,1.3983542463295304,3214.978488626613,1328.801455777259,1562.1932836075352,3710.9430675085055,3204.1273203731225,1327.7752857217956,1551.2791746418402,3709.922203705286,-0.3198252496658469,0.0070346096671761015,-0.3722022734902133,0.010080536096443844,-0.48910321936854295,0.013936662461207254,-0.40234762064424956,0.025666693464133496,0.16356472470775785,0.010055908844949543,0.009377684291738575,0.017365081188846238,-0.005713244994938194,0.011941314459858111,-0.020767662862297698,0.021420791691211576,0.16927796970269604,0.015611415494027147,0.030145347154036273,0.02757528533621185,14.95056604049191,14.956279285486849,14.900110334657882,14.92087799752018,3310,2024-04-03 02:18:42.078994874+00:00,2024040200413,-64,2,1021,3,True,HD38666,0.000364,holo4_003,0.2512449429355252,187.32919372424348,0.0,107.88595308589663,98.4975650813476,866.4941121987274,500.38579450508627,2.7212002918047435,137.86949459060284,4.812783145397075,1.2619306632586882,67.67065554859569,0.0,1.87715450065562,3.1.0,2,,30.0,1.87715450065562,-32.3167350026551,69.01846782255699,12.875,743.15,32.0999984741211,empty,72.34948855517001,-416.29059721947834,15.49411219872735,511,1532,851,896,1021,45,2,22666.666666666668,1,4.086599826812744,0.5794499516487122,1.0,0.0,0.9951423118720192,0.00028252034347552284,0.0,0.0,0.04542715220292952,6.5315365669157e-05,0.0,0.0056388046126947715,320.2127293169748,0.8613863571149959,8.25693665798007,0.02052646637933538,1.0,0.0,1.0,0.0,187.3471901508252,0.0025174361661332765,-1.239630923255667,0.010420182554913296,-3.474032795238136,0.001298820950792255,0.24205501674220833,9.326671523664427e-05,613.3237407332648,0.07142883336255947,927.5887961178576,0.0,510.02513059195184,0.0,-0.025063074432469856,0.0,0.0,0.0,0.0,0.0,0.0,0.0,3.995135130004354,0.0012474264979792688,-1.725604245948109,0.0026841914393466804,-0.2162929877582766,0.005643979504849169,2.135414614834403,0.000438989329327684,-0.386687751793214,0.0010289076236876585,-0.29731424863777983,0.0020117018294039356,22666.666666666715,0.0,927.5887961178576,0.0,510.02513059195184,0.0,-0.025063074432469856,0.0,0.0,0.0,0.0,0.0,0.0,0.0,4.526417320003921,0.004760243055234044,0.0,0.0,0.0,0.0,2.1356395899632674,0.001798394316991336,0.0,0.0,0.0,0.0,22666.666666666715,0.0,927.5887961178576,0.0,510.02513059195184,0.0,-0.025063074432469856,0.0,0.0,0.0,0.0,0.0,0.0,0.0,4.337484926095935,0.0,0.0,0.0,0.0,0.0,2.2614596134683276,0.0,0.0,0.0,0.0,0.0,22666.666666666715,0.0,1.0,0.0,0.0,0.0,0.05887135145208687,0.0006868837988275934,1.328149543800998,0.05130377843150357,625.0,7.827594694477719,0.5688670683664285,0.02486686347103888,10.0,0.37467261043772826,189.11581066633732,0.044770467568496564,1.2619306632586882,0.0,0.0,0.0,2024040200413,AT_O_20240402_000413,20240402,413,2024-04-03 02:19:03.962990,2024-04-03 02:19:34.195,science,HD38666,empty~holo4_003,30.0,86.5111248483845,-32.31673500265509,197.65051144483044,248.59131966449115,57.94146706425463,spec-survey,2460403.5965736457,60403.096573645715,20240402,2024-04-03 02:18:42.078994874+00:00,4735.601009,-4735.601009
11,z,2024040400379,2024-04-05 03:38:48.644989952,14.512521205367314,14.9073336035658,0.0043509497668392,0.0050823962687952,14.520081620062149,14.894658165176224,0.0060862546258218,0.0075248296671706,y,2024040400380,2024-04-05 03:39:37.051504896,14.344228371968796,14.732808358672916,0.007550803412321,0.009455243396345,14.34126989916097,14.783282856049748,0.0144058325558352,0.0197849053837563,48.406514,1.4385208716411988,1.442711963757059,1981.7810497858,1467.6603019866466,328.091483993914,3849.337307699762,1969.6872247415297,1467.7746789624096,315.93123449724214,3849.360338918733,-0.3948123981984857,0.0066904047490881635,-0.3745765451140759,0.009678096759707875,-0.3885799867041193,0.012100258668955975,-0.44201295688877806,0.024473873675226618,0.16829283339851742,0.008714665572761616,0.17881172090117836,0.01563875017375425,0.1745252448928838,0.010734634577720338,0.1113753091264762,0.02116755872943594,0.006232411494366374,0.013826705159301894,0.06743641177470217,0.026317979587369894,14.9073336035658,14.732808358672916,14.894658165176224,14.783282856049748,3335,2024-04-05 04:42:15.106004607+00:00,2024040400441,-64,2,1021,3,True,HD185975,-6.5e-05,holo4_003,0.21988034494799552,187.01857386711342,0.0,-114.75330290785828,102.53680421673603,878.9178058683675,616.0701446393384,3.1170947235801294,52.48529391043513,7.37909929257334,0.9307424899750734,24.625555144278167,0.0,2.04853545977894,3.1.0,2,,60.0,2.04853545977894,-87.4675791510415,-113.43295030306744,12.5,745.55,13.0249996185303,empty,-64.62892746728,-416.461361424937,17.917805868367495,516,1537,861,906,1021,45,2,11333.333333333334,1,5.587800025939941,180.5399932861328,1.0,0.0,1.1853751271951898,0.0013592116089466502,0.0,0.0,0.04999878862469236,0.00011466452319271062,0.0,0.0063046280711456975,258.37388333573017,1.2214231872571486,3.688255223671599,0.013014068289697532,1.0,0.0,1.0,0.0,186.94717097510727,0.004121642716478811,1.0461740161717068,0.0191150128426952,-1.968540790993928,0.005819120146336783,0.2557412411493442,0.0003664533494806994,619.643047062758,0.3145616075327148,927.4024818908741,0.0,510.030163006038,0.0,-0.028460350673550884,0.0,0.0,0.0,0.0,0.0,0.0,0.0,7.095479623079676,0.004778722689080234,-1.6380162015880697,0.012236764591238158,1.7906993062761911,0.024709328519923773,3.20127099081134,0.002394105849372017,-0.06953708094447092,0.006405156086483219,0.8282512887907659,0.013383596505217582,11333.33333333336,0.0,927.4024818908741,0.0,510.030163006038,0.0,-0.028460350673550884,0.0,0.0,0.0,0.0,0.0,0.0,0.0,7.089397183889127,0.03302257139827943,0.0,0.0,0.0,0.0,2.5565470111577913,0.012361629947519864,0.0,0.0,0.0,0.0,11333.33333333336,0.0,927.4024818908741,0.0,510.030163006038,0.0,-0.028460350673550884,0.0,0.0,0.0,0.0,0.0,0.0,0.0,7.351083733544308,0.0,0.0,0.0,0.0,0.0,3.329459230420799,0.0,0.0,0.0,0.0,0.0,11333.33333333336,0.0,1.0,0.0,0.0,0.0,0.04542696770619204,0.0006109574612721226,0.0,0.03072811657238174,351.7052003800827,6.936844370083865,2.8261629702568696,0.03400352534061279,1.9146991983611314,0.07951537603743244,186.92051507916327,0.009227591616092573,0.9307424899750734,0.0,0.0,0.0,2024040400441,AT_O_20240404_000441,20240404,441,2024-04-05 04:42:21.988009,2024-04-05 04:43:22.224,science,HD185975,empty~holo4_003,60.0,306.9196332949068,-87.4675791510415,334.62892746728033,177.30506639344287,60.905466091058656,spec-survey,2460405.696087824,60405.19608782418,20240404,2024-04-05 04:42:15.106004607+00:00,3806.461014,3806.461014
12,z,2024040500195,2024-04-06 03:38:22.212494080,14.495686238663312,14.890764850254383,0.0047069954250652,0.0053464103846799,14.516078369988303,14.916454367984436,0.0064906512273207,0.0076686218185769,y,2024040500196,2024-04-06 03:39:10.888494080,14.372104437928217,14.822619260678383,0.0079345520124529,0.0096190461857632,14.374527756959834,14.833986166066008,0.0152262945996388,0.0191623391349356,48.676,1.457604335441493,1.4619812597439807,2924.097986696456,1538.8346588359414,1271.3474152888214,3921.05516690424,2916.23393019226,1538.9301143217322,1262.9203101805217,3921.542641557177,-0.39507861159107094,0.007123195205313259,-0.4003759979961323,0.010046706622126148,-0.45051482275016674,0.012469288879569915,-0.4594584091061744,0.02447519741201844,0.12358180073509573,0.009225666456679707,0.14155061302846939,0.01655199687619924,0.06814558957599992,0.011005005839401389,0.0824682019184273,0.02063984015729381,0.055436211159095805,0.014360469180885552,0.05908241111004209,0.026456976439274908,14.890764850254383,14.822619260678383,14.916454367984436,14.833986166066008,3347,2024-04-06 04:11:09.634996936+00:00,2024040500227,-64,2,1020,3,True,HD185975,-6.5e-05,holo4_003,0.2324127016224692,186.96972335081512,0.0,-121.32674518965445,102.82565986523059,877.865136130473,616.0701446393384,1.6958014411215427,52.2173499610949,6.866052822825002,1.0143942616368358,7.812239699178575,0.0,2.06536899705229,3.1.0,2,,60.0,2.06536899705229,-87.4728999776437,-120.09228309182546,11.3999996185303,745.4,16.3500003814697,empty,-57.67811817713698,-417.3233989012729,17.865136130473033,517,1537,860,905,1020,45,2,11333.333333333334,1,3.4193999767303467,178.60000610351562,1.0,0.0,1.104455172331614,0.001465822856762105,0.0,0.0,0.043173983373774226,0.00012181759759026945,0.0,0.007801252945270132,293.1110265048463,1.2309350395734528,3.57075859493977,0.012978028691268292,1.0,0.0,1.0,0.0,186.94598695197828,0.004426368466393754,0.9572424620334373,0.01975136972185013,-1.9625272955709672,0.0061659741871191295,0.2454506021099833,0.0003890971898192502,625.9820793868124,0.33089231844692785,927.8507732159145,0.0,509.5313786907862,0.0,-0.029694855322169793,0.0,0.0,0.0,0.0,0.0,0.0,0.0,5.860893084068077,0.003500481469911935,-1.7846177245281858,0.008592371366787569,0.7986994887319495,0.01841831061136274,2.5309172630732295,0.0013891332002815516,-0.26171849872577324,0.0034547885752633273,0.13190172877636108,0.007582985255020031,11333.333333333369,0.0,927.8507732159145,0.0,509.5313786907862,0.0,-0.029694855322169793,0.0,0.0,0.0,0.0,0.0,0.0,0.0,6.6178261817727675,0.036408763064685275,0.0,0.0,0.0,0.0,2.356901354269846,0.013163550233717116,0.0,0.0,0.0,0.0,11333.333333333369,0.0,927.8507732159145,0.0,509.5313786907862,0.0,-0.029694855322169793,0.0,0.0,0.0,0.0,0.0,0.0,0.0,5.945825231396562,0.0,0.0,0.0,0.0,0.0,2.5663056490549994,0.0,0.0,0.0,0.0,0.0,11333.333333333369,0.0,1.0,0.0,0.0,0.0,0.039186776701068404,0.0006091490542136657,0.0,0.03601328721286566,384.19741251013676,6.852809131307956,3.2000262462282767,0.034544791576915874,1.7901625611622591,0.07054168639785166,186.75570157039112,0.008166693603782553,1.0143942616368358,0.0,0.0,0.0,2024040500227,AT_O_20240405_000227,20240405,227,2024-04-06 04:11:16.512994,2024-04-06 04:12:16.757,science,HD185975,empty~holo4_003,60.0,306.7704998715096,-87.4728999776437,327.6781181771365,177.48716852467882,61.16443761150984,spec-survey,2460406.674496678,60406.17449667817,20240405,2024-04-06 04:11:09.634996936+00:00,1967.422502,1967.422502
13,z,2024040500199,2024-04-06 03:42:22.793007104,14.535904057211493,14.887164189634866,0.004379228423217,0.005149985448936,14.502915557602748,14.860617834964373,0.0062927978528354,0.0075112179065011,y,2024040500200,2024-04-06 03:43:10.572504064,14.402482364668876,14.838575195182086,0.008058290168959,0.0099456067052397,14.397858324668,14.83131557309511,0.0144799979530547,0.0187847561835086,47.779496,1.4792179461572232,1.4836928819633248,2366.809071827694,1544.4656321479854,712.8389142501693,3926.396502408886,2358.3167867850325,1543.951594340183,705.0249291594315,3925.648656843233,-0.3512601324233735,0.006760176899088084,-0.35770227736162497,0.009798862140860672,-0.43609283051321057,0.012800434882551847,-0.43345724842710887,0.02371787101732221,0.13342169254261727,0.009171351156173933,0.10505723293474745,0.015788275571990695,0.0485889944527802,0.01119988584136291,0.029302261869263546,0.020230804712438093,0.08483269808983707,0.014475880798397529,0.0757549710654839,0.02566232851574318,14.887164189634866,14.838575195182086,14.860617834964373,14.83131557309511,3347,2024-04-06 04:11:09.634996936+00:00,2024040500227,-64,2,1020,3,True,HD185975,-6.5e-05,holo4_003,0.2324127016224692,186.96972335081512,0.0,-121.32674518965445,102.82565986523059,877.865136130473,616.0701446393384,1.6958014411215427,52.2173499610949,6.866052822825002,1.0143942616368358,7.812239699178575,0.0,2.06536899705229,3.1.0,2,,60.0,2.06536899705229,-87.4728999776437,-120.09228309182546,11.3999996185303,745.4,16.3500003814697,empty,-57.67811817713698,-417.3233989012729,17.865136130473033,517,1537,860,905,1020,45,2,11333.333333333334,1,3.4193999767303467,178.60000610351562,1.0,0.0,1.104455172331614,0.001465822856762105,0.0,0.0,0.043173983373774226,0.00012181759759026945,0.0,0.007801252945270132,293.1110265048463,1.2309350395734528,3.57075859493977,0.012978028691268292,1.0,0.0,1.0,0.0,186.94598695197828,0.004426368466393754,0.9572424620334373,0.01975136972185013,-1.9625272955709672,0.0061659741871191295,0.2454506021099833,0.0003890971898192502,625.9820793868124,0.33089231844692785,927.8507732159145,0.0,509.5313786907862,0.0,-0.029694855322169793,0.0,0.0,0.0,0.0,0.0,0.0,0.0,5.860893084068077,0.003500481469911935,-1.7846177245281858,0.008592371366787569,0.7986994887319495,0.01841831061136274,2.5309172630732295,0.0013891332002815516,-0.26171849872577324,0.0034547885752633273,0.13190172877636108,0.007582985255020031,11333.333333333369,0.0,927.8507732159145,0.0,509.5313786907862,0.0,-0.029694855322169793,0.0,0.0,0.0,0.0,0.0,0.0,0.0,6.6178261817727675,0.036408763064685275,0.0,0.0,0.0,0.0,2.356901354269846,0.013163550233717116,0.0,0.0,0.0,0.0,11333.333333333369,0.0,927.8507732159145,0.0,509.5313786907862,0.0,-0.029694855322169793,0.0,0.0,0.0,0.0,0.0,0.0,0.0,5.945825231396562,0.0,0.0,0.0,0.0,0.0,2.5663056490549994,0.0,0.0,0.0,0.0,0.0,11333.333333333369,0.0,1.0,0.0,0.0,0.0,0.039186776701068404,0.0006091490542136657,0.0,0.03601328721286566,384.19741251013676,6.852809131307956,3.2000262462282767,0.034544791576915874,1.7901625611622591,0.07054168639785166,186.75570157039112,0.008166693603782553,1.0143942616368358,0.0,0.0,0.0,2024040500227,AT_O_20240405_000227,20240405,227,2024-04-06 04:11:16.512994,2024-04-06 04:12:16.757,science,HD185975,empty~holo4_003,60.0,306.7704998715096,-87.4728999776437,327.6781181771365,177.48716852467882,61.16443761150984,spec-survey,2460406.674496678,60406.17449667817,20240405,2024-04-06 04:11:09.634996936+00:00,1726.841989,1726.841989
14,z,2024041700359,2024-04-18 01:47:40.690504960,14.498397920977826,14.924861129293149,0.0042266576295879,0.0049993985050781,14.513798416511328,14.863742703804812,0.0058835113696063,0.0077719218763331,y,2024041700360,2024-04-18 01:48:29.120502016,14.365672892675152,14.850210503578204,0.0078021384467618,0.0099407297613301,14.36392617607735,14.832489021887492,0.0138082883411757,0.0207981073874798,48.429997,1.2052506598238657,1.207565736135749,3671.426878417453,1405.662139324461,2019.056022425458,3788.8651884486176,3661.169385769658,1405.0946649277575,2008.78685951726,3787.9122563564088,-0.42646320831532236,0.006546649534710924,-0.3499442872934839,0.009747742081534144,-0.48453761090305214,0.012636909136740385,-0.4685628458101423,0.0249645768603073,0.13272502830267463,0.008873443472530393,0.14987224043397873,0.015009481435057488,0.07465062571494485,0.011127088280424989,0.031253681917320364,0.022202793530386372,0.05807440258772978,0.014232009438605758,0.11861855851665837,0.026800159952923834,14.924861129293149,14.850210503578204,14.863742703804812,14.832489021887492,3402,2024-04-18 01:04:09.951993154+00:00,2024041700317,-64,2,1020,3,True,HD38666,0.000364,holo4_003,0.2427687310828107,186.93479462638675,0.0,106.4498750583011,98.12335170402454,868.5654300030172,500.38579450508627,2.719372423802926,145.11421552558434,4.70581077950797,0.8915867854727703,124.72830046598797,0.0,1.72934116780072,3.1.0,2,,30.0,1.72934116780072,-32.3120776814836,65.11617169289171,17.2250003814697,745.4,6.5,empty,73.684905253104,-418.0050698399464,15.565430003017212,513,1533,853,898,1020,45,2,22666.666666666668,1,0.7505999803543091,157.5,1.0,0.0,0.9802499011945228,0.00030829429246476885,0.0,0.0,0.05124939056498126,7.508094408842473e-05,0.25092312305102216,0.006014319651827807,371.68467549938435,1.0034304102868246,3.4431669467704182,0.013920748406921073,1.0,0.0,1.0,0.0,187.15407977826516,0.002717631781483951,0.14694225276274675,0.005077188644587138,-3.386892910759448,0.001329587034611585,0.24098789514647187,9.657943693199154e-05,589.5619234594561,0.08251840436699275,928.4293271425287,0.0,509.5199161396329,0.0,-0.02003362571891317,0.0,0.0,0.0,0.0,0.0,0.0,0.0,3.809164239785392,0.0011724290529602191,-1.470795406210206,0.0022961692402194782,-0.5795682574771768,0.004825829784178382,2.1878135628453688,0.0004401696332111522,-0.45799505192690443,0.0008456532629457464,-0.51340847617255,0.0016715146384062107,22666.666666666733,0.0,928.4293271425287,0.0,509.5199161396329,0.0,-0.02003362571891317,0.0,0.0,0.0,0.0,0.0,0.0,0.0,4.831338625649533,0.005336981550211222,0.0,0.0,0.0,0.0,2.5106230858341503,0.0024283875711356806,0.0,0.0,0.0,0.0,22666.666666666733,0.0,928.4293271425287,0.0,509.5199161396329,0.0,-0.02003362571891317,0.0,0.0,0.0,0.0,0.0,0.0,0.0,4.24835563470184,0.0,0.0,0.0,0.0,0.0,2.3532117937799333,0.0,0.0,0.0,0.0,0.0,22666.666666666733,0.0,1.0,0.0,0.0,0.0,0.056930905323563624,0.0006746030924041189,0.7714346874298807,0.03158292201240787,561.3965405764161,7.73894394528765,0.0,0.027432553458420002,0.10087819827816774,0.0,188.3113015175751,0.010453270218542792,0.8915867854727703,0.0,0.0,0.0,2024041700317,AT_O_20240417_000317,20240417,317,2024-04-18 01:04:31.831986,2024-04-18 01:05:02.072,science,HD38666,empty~holo4_003,30.0,86.51271447244976,-32.31207768148361,196.31509474689594,249.76516353625493,54.798281293585546,spec-survey,2460418.54481287,60418.04481287021,20240417,2024-04-18 01:04:09.951993154+00:00,2610.738512,-2610.738512
15,z,2024041700371,2024-04-18 01:59:06.423504896,14.53823065422515,14.911494701147172,0.0043059841649511,0.0049745078212402,14.52610442462026,14.91147684011263,0.0061907852479226,0.0078419814664683,y,2024041700372,2024-04-18 01:59:55.122505984,14.325027691316055,14.72663503729178,0.0076663826470815,0.0096126643462651,14.351169685669657,14.75350450805594,0.0151776218292859,0.0205024949303537,48.699001,1.2391659794824386,1.2417666409968686,1991.5606347293208,1424.4073881290012,337.98625443350574,3806.01246384894,1981.858824578141,1422.3391580647633,328.2084818700209,3804.6286749386063,-0.37326404692202253,0.0065793029792212444,-0.38537241549236967,0.009991120823327499,-0.4016073459757248,0.012295395021121874,-0.40233482238628326,0.02550906706961262,0.21320296290909369,0.008792890453103688,0.17493473895060418,0.016391645017468866,0.18485966385539143,0.010823541190272996,0.1579723320566906,0.02195105855510416,0.028343299053702253,0.013945033754631724,0.016962406893913595,0.027395893817656752,14.911494701147172,14.72663503729178,14.91147684011263,14.75350450805594,3402,2024-04-18 01:04:09.951993154+00:00,2024041700317,-64,2,1020,3,True,HD38666,0.000364,holo4_003,0.2427687310828107,186.93479462638675,0.0,106.4498750583011,98.12335170402454,868.5654300030172,500.38579450508627,2.719372423802926,145.11421552558434,4.70581077950797,0.8915867854727703,124.72830046598797,0.0,1.72934116780072,3.1.0,2,,30.0,1.72934116780072,-32.3120776814836,65.11617169289171,17.2250003814697,745.4,6.5,empty,73.684905253104,-418.0050698399464,15.565430003017212,513,1533,853,898,1020,45,2,22666.666666666668,1,0.7505999803543091,157.5,1.0,0.0,0.9802499011945228,0.00030829429246476885,0.0,0.0,0.05124939056498126,7.508094408842473e-05,0.25092312305102216,0.006014319651827807,371.68467549938435,1.0034304102868246,3.4431669467704182,0.013920748406921073,1.0,0.0,1.0,0.0,187.15407977826516,0.002717631781483951,0.14694225276274675,0.005077188644587138,-3.386892910759448,0.001329587034611585,0.24098789514647187,9.657943693199154e-05,589.5619234594561,0.08251840436699275,928.4293271425287,0.0,509.5199161396329,0.0,-0.02003362571891317,0.0,0.0,0.0,0.0,0.0,0.0,0.0,3.809164239785392,0.0011724290529602191,-1.470795406210206,0.0022961692402194782,-0.5795682574771768,0.004825829784178382,2.1878135628453688,0.0004401696332111522,-0.45799505192690443,0.0008456532629457464,-0.51340847617255,0.0016715146384062107,22666.666666666733,0.0,928.4293271425287,0.0,509.5199161396329,0.0,-0.02003362571891317,0.0,0.0,0.0,0.0,0.0,0.0,0.0,4.831338625649533,0.005336981550211222,0.0,0.0,0.0,0.0,2.5106230858341503,0.0024283875711356806,0.0,0.0,0.0,0.0,22666.666666666733,0.0,928.4293271425287,0.0,509.5199161396329,0.0,-0.02003362571891317,0.0,0.0,0.0,0.0,0.0,0.0,0.0,4.24835563470184,0.0,0.0,0.0,0.0,0.0,2.3532117937799333,0.0,0.0,0.0,0.0,0.0,22666.666666666733,0.0,1.0,0.0,0.0,0.0,0.056930905323563624,0.0006746030924041189,0.7714346874298807,0.03158292201240787,561.3965405764161,7.73894394528765,0.0,0.027432553458420002,0.10087819827816774,0.0,188.3113015175751,0.010453270218542792,0.8915867854727703,0.0,0.0,0.0,2024041700317,AT_O_20240417_000317,20240417,317,2024-04-18 01:04:31.831986,2024-04-18 01:05:02.072,science,HD38666,empty~holo4_003,30.0,86.51271447244976,-32.31207768148361,196.31509474689594,249.76516353625493,54.798281293585546,spec-survey,2460418.54481287,60418.04481287021,20240417,2024-04-18 01:04:09.951993154+00:00,3296.471512,-3296.471512
