,band1,exposure1,time1,psfMag11,psfMag12,psfMagErr11,psfMagErr12,apMag11,apMag12,apMagErr11,apMagErr12,band2,exposure2,time2,psfMag21,psfMag22,psfMagErr21,psfMagErr22,apMag21,apMag22,apMagErr21,apMagErr22,dt,airmassb1,airmassb2,x11,y11,x12,y12,x21,y21,x22,y22,deltapsfmag_s12b1,deltapsfmagErr_s12b1,deltaapmag_s12b1,deltaapmagErr_s12b1,deltapsfmag_s12b2,deltapsfmagErr_s12b2,deltaapmag_s12b2,deltaapmagErr_s12b2,psfcol12_s1,psfcol12Err_s1,apcol12_s1,apcol12Err_s1,psfcol12_s2,psfcol12Err_s2,apcol12_s2,apcol12Err_s2,psfcol12_s12,psfcol12Err_s12,apcol12_s12,apcol12Err_s12,psfmagmax_s12b1,psfmagmax_s12b2,apmagmax_s12b1,apmagmax_s12b2,index,DATE-OBS,id,BITPIX,NAXIS,NAXIS1,NAXIS2,EXTEND,TARGET,REDSHIFT,GRATING,ROTANGLE,D2CCD,LSHIFT,PARANGLE,TARGETX,TARGETY,LBDA_REF,PSF_REG,TRACE_R,MEANFWHM,PIXSHIFT,CHI2_FIT,A2_FIT,AM_FIT,VERSION,CCD_REBIN,CONFIG,EXPTIME,AIRMASS,DEC,HA,OUTTEMP,OUTPRESS,OUTHUM,FILTER,CAM_ROT,S_X0,S_Y0,S_XMIN,S_XMAX,S_YMIN,S_YMAX,S_NX,S_NY,S_DEG,S_SAT,S_ORDER,A1_x,A1_err_x,A2_x,A2_err_x,A3,A3_err,VAOD_x,VAOD_err_x,angstrom_exp_x,angstrom_exp_err_x,ozone [db]_x,ozone [db]_err_x,PWV [mm]_x,PWV [mm]_err_x,B_x,B_err_x,A_star,A_star_err,D_CCD [mm]_x,D_CCD [mm]_err_x,shift_x [pix],shift_x [pix]_err,shift_y [pix],shift_y [pix]_err,angle [deg],angle [deg]_err,P [hPa],P [hPa]_err,x_c_0_1,x_c_0_1_err,x_c_1_1,x_c_1_1_err,x_c_2_1,x_c_2_1_err,y_c_0_1,y_c_0_1_err,y_c_1_1,y_c_1_1_err,y_c_2_1,y_c_2_1_err,gamma_0_1,gamma_0_1_err,gamma_1_1,gamma_1_1_err,gamma_2_1,gamma_2_1_err,alpha_0_1,alpha_0_1_err,alpha_1_1,alpha_1_1_err,alpha_2_1,alpha_2_1_err,saturation_0_1,saturation_0_1_err,x_c_0_2,x_c_0_2_err,x_c_1_2,x_c_1_2_err,x_c_2_2,x_c_2_2_err,y_c_0_2,y_c_0_2_err,y_c_1_2,y_c_1_2_err,y_c_2_2,y_c_2_2_err,gamma_0_2,gamma_0_2_err,gamma_1_2,gamma_1_2_err,gamma_2_2,gamma_2_2_err,alpha_0_2,alpha_0_2_err,alpha_1_2,alpha_1_2_err,alpha_2_2,alpha_2_2_err,saturation_0_2,saturation_0_2_err,x_c_0_3,x_c_0_3_err,x_c_1_3,x_c_1_3_err,x_c_2_3,x_c_2_3_err,y_c_0_3,y_c_0_3_err,y_c_1_3,y_c_1_3_err,y_c_2_3,y_c_2_3_err,gamma_0_3,gamma_0_3_err,gamma_1_3,gamma_1_3_err,gamma_2_3,gamma_2_3_err,alpha_0_3,alpha_0_3_err,alpha_1_3,alpha_1_3_err,alpha_2_3,alpha_2_3_err,saturation_0_3,saturation_0_3_err,A1_y,A1_err_y,A2_y,A2_err_y,VAOD_y,VAOD_err_y,angstrom_exp_y,angstrom_exp_err_y,ozone [db]_y,ozone [db]_err_y,PWV [mm]_y,PWV [mm]_err_y,reso [nm],reso [nm]_err,D_CCD [mm]_y,D_CCD [mm]_err_y,alpha_pix [pix],alpha_pix [pix]_err,B_y,B_err_y,nightObs,Time,dt_abs_specphot,td_rel_specphot
0,g,2023112800532,2023-11-29 06:57:07.666510080,14.70024810406048,14.354945011324126,0.0036772522126114,0.0033170002448356,14.708468320056928,14.35485928063402,0.0037081558772743,0.0032118923731909,r,2023112800533,2023-11-29 06:57:54.377499904,13.656120145063529,13.88544903538457,0.0026606228765455,0.0028858328848944,13.648699514329229,13.872501495193298,0.0019928572394443,0.0025752027165845,46.710989,1.0558471548248498,1.0548932481591382,2861.261986814747,2943.225289355704,2666.378353916498,447.55835583799984,2864.012140583713,2944.199131854278,2669.366389541518,448.6366918458439,0.3453030927363532,0.00495223933785463,0.3536090394229081,0.004905779512689681,-0.22932889032104065,0.003925168216871117,-0.223801980864069,0.0032562476884152635,1.0441279589969508,0.004538843236591531,1.0597688057276997,0.004209738707683588,0.46949597593955694,0.004396648958442937,0.4823577854407226,0.004116785353703307,0.5746319830573938,0.0063191470935665085,0.5774110202869771,0.00588810849385739,14.70024810406048,13.88544903538457,14.708468320056928,13.872501495193298,,,,,,,,,,,,,,,,,,,,,,,,,,,,,,,,,,,,,,,,,,,,,,,,,,,,,,,,,,,,,,,,,,,,,,,,,,,,,,,,,,,,,,,,,,,,,,,,,,,,,,,,,,,,,,,,,,,,,,,,,,,,,,,,,,,,,,,,,,,,,,,,,,,,,,,,,,,,,,,,,,,,,,,,,,,,,,,,,,
1,g,2023112900527,2023-11-30 06:24:56.031500032,14.703564006098375,14.36611883778816,0.0035401679881088,0.0031736626725085,14.680698393461167,14.345865451120742,0.0035206234182104,0.0030812717019717,r,2023112900528,2023-11-30 06:25:42.726000896,13.649294931902269,13.862507569772362,0.0024525910441224,0.0026286678463586,13.633311191939818,13.878625873142331,0.0019135758094068,0.0024953097153441,46.6945,1.097498031403918,1.096148413467831,3632.9025484872823,2864.1979214790317,3437.874696139844,368.9357504387941,3636.245074814216,2863.2791300381978,3441.2456204867744,367.6316918239837,0.3374451683102144,0.004754463602016962,0.3348329423404248,0.0046785707811492026,-0.21321263787009315,0.003595149159101603,-0.24531468120251354,0.003144573572654573,1.0542690741961067,0.004306738001520375,1.0473872015213495,0.004007063966447051,0.5036112680157991,0.004120925794691449,0.4672395779784111,0.003964947146793035,0.5506578061803076,0.0059607064697981115,0.5801476235429384,0.0056371417853430476,14.703564006098375,13.862507569772362,14.680698393461167,13.878625873142331,2672.0,2023-11-30 06:01:13.001502429+00:00,2023112900508.0,-64.0,2.0,1064.0,3.0,True,HD2811,0.0,holo4_003,0.3045324016427563,186.998799679334,0.0,107.23254063241419,103.14772272097508,869.1843388713122,555.8063727639171,4.402379728241408,51.31233523092905,8.055167751521136,1.0204757085726315,15.43110774637154,0.0,2.19082034906294,3.1.0,2.0,,60.0,2.19082034906294,-43.6135997046553,80.28393232518985,11.5749998092651,739.4,31.7749996185303,empty,73.289088006226,-416.30431949104974,15.184338871312264,516.0,1580.0,854.0,899.0,1064.0,45.0,2.0,11333.333333333334,1.0,1.0,0.0,0.9816216465166295,0.0008895071115091999,0.0,0.0,0.05860559362405912,7.563453327740062e-05,0.002889809877413252,0.004723827230490244,316.03598368126194,0.9869471208947711,3.317023733855064,0.013952519258955983,1.0,0.0,1.0,0.0,187.25613134933107,0.005022332636998812,-0.4697322738540832,0.021236485407182384,-3.0010874502082956,0.006202263692703332,0.2390395669859396,0.00043378124541933085,634.4558669824481,0.2584171177961807,948.866579957738,0.0,531.5370736321223,0.0,-0.03733663955626948,0.0,0.0,0.0,0.0,0.0,0.0,0.0,8.304692536675981,0.005656362107153926,-3.2750051054823235,0.01272798201958087,0.4142506460568756,0.029255366672582304,2.860054301323177,0.0020164563959149686,-0.6920892750426691,0.004690424635743832,-0.1401943292244354,0.010467465403869069,11333.333333333416,0.0,948.866579957738,0.0,531.5370736321223,0.0,-0.03733663955626948,0.0,0.0,0.0,0.0,0.0,0.0,0.0,10.313820054205014,0.06485419910222753,0.0,0.0,0.0,0.0,3.2870026650724182,0.026964014397824695,0.0,0.0,0.0,0.0,11333.333333333416,0.0,948.866579957738,0.0,531.5370736321223,0.0,-0.03733663955626948,0.0,0.0,0.0,0.0,0.0,0.0,0.0,7.801548394103598,0.0,0.0,0.0,0.0,0.0,2.645299727497446,0.0,0.0,0.0,0.0,0.0,11333.333333333416,0.0,1.0,0.0,0.0,0.0,0.052590046862541,0.0006272865963301363,0.4013283350123623,0.031485458359850255,436.3863699506467,6.815018789269105,0.0,0.030823139068731152,2.573628456456487,0.11040409365824841,186.92667529142577,0.020574811891289957,1.0204757085726315,0.0,0.0,0.0,20231129.0,2023-11-30 06:01:13.001502429+00:00,1423.029998,-1423.029998
2,g,2023112900531,2023-11-30 06:28:43.408003072,14.6736754363286,14.32857164978148,0.0034394547350478,0.0031084613805173,14.680908366201756,14.330488883071508,0.0035995088302399,0.0030928041050735,r,2023112900532,2023-11-30 06:29:29.881006080,13.648981773879983,13.889438331907195,0.0027503624664721,0.0029509182656283,13.646521005642663,13.876336181644817,0.0019680086250091,0.002536653960308,46.473003,1.09116248329143,1.0898758052930746,3081.1655873150366,2869.4644521340697,2886.518809696064,373.9508002779874,3081.8242199189867,2871.414867278236,2887.2383102310705,375.5291517403382,0.34510378654711893,0.004635987600135515,0.3504194831302474,0.00474572450225827,-0.240456558027212,0.004033907820885007,-0.22981517600215362,0.003210556223219969,1.024693662448616,0.004403900835784251,1.0343873605590925,0.004102380012515323,0.4391333178742851,0.004286076383428817,0.4541527014266915,0.004000006318333229,0.5855603445743309,0.0061453066104147705,0.580234659132401,0.005729709618627368,14.6736754363286,13.889438331907195,14.680908366201756,13.876336181644817,2672.0,2023-11-30 06:01:13.001502429+00:00,2023112900508.0,-64.0,2.0,1064.0,3.0,True,HD2811,0.0,holo4_003,0.3045324016427563,186.998799679334,0.0,107.23254063241419,103.14772272097508,869.1843388713122,555.8063727639171,4.402379728241408,51.31233523092905,8.055167751521136,1.0204757085726315,15.43110774637154,0.0,2.19082034906294,3.1.0,2.0,,60.0,2.19082034906294,-43.6135997046553,80.28393232518985,11.5749998092651,739.4,31.7749996185303,empty,73.289088006226,-416.30431949104974,15.184338871312264,516.0,1580.0,854.0,899.0,1064.0,45.0,2.0,11333.333333333334,1.0,1.0,0.0,0.9816216465166295,0.0008895071115091999,0.0,0.0,0.05860559362405912,7.563453327740062e-05,0.002889809877413252,0.004723827230490244,316.03598368126194,0.9869471208947711,3.317023733855064,0.013952519258955983,1.0,0.0,1.0,0.0,187.25613134933107,0.005022332636998812,-0.4697322738540832,0.021236485407182384,-3.0010874502082956,0.006202263692703332,0.2390395669859396,0.00043378124541933085,634.4558669824481,0.2584171177961807,948.866579957738,0.0,531.5370736321223,0.0,-0.03733663955626948,0.0,0.0,0.0,0.0,0.0,0.0,0.0,8.304692536675981,0.005656362107153926,-3.2750051054823235,0.01272798201958087,0.4142506460568756,0.029255366672582304,2.860054301323177,0.0020164563959149686,-0.6920892750426691,0.004690424635743832,-0.1401943292244354,0.010467465403869069,11333.333333333416,0.0,948.866579957738,0.0,531.5370736321223,0.0,-0.03733663955626948,0.0,0.0,0.0,0.0,0.0,0.0,0.0,10.313820054205014,0.06485419910222753,0.0,0.0,0.0,0.0,3.2870026650724182,0.026964014397824695,0.0,0.0,0.0,0.0,11333.333333333416,0.0,948.866579957738,0.0,531.5370736321223,0.0,-0.03733663955626948,0.0,0.0,0.0,0.0,0.0,0.0,0.0,7.801548394103598,0.0,0.0,0.0,0.0,0.0,2.645299727497446,0.0,0.0,0.0,0.0,0.0,11333.333333333416,0.0,1.0,0.0,0.0,0.0,0.052590046862541,0.0006272865963301363,0.4013283350123623,0.031485458359850255,436.3863699506467,6.815018789269105,0.0,0.030823139068731152,2.573628456456487,0.11040409365824841,186.92667529142577,0.020574811891289957,1.0204757085726315,0.0,0.0,0.0,20231129.0,2023-11-30 06:01:13.001502429+00:00,1650.406501,-1650.406501
3,g,2023113000537,2023-12-01 06:32:55.381007872,14.681638991125288,14.3654369385664,0.0038269050026661,0.0034771464417585,14.695428546797576,14.338108414771408,0.0037265924683988,0.0031233687832417,r,2023113000538,2023-12-01 06:33:42.065008896,13.67831029864191,13.86760302538249,0.0025954039892095,0.0028160776333609,13.655961109518987,13.875383541115005,0.0020047638016332,0.0025250932878211,46.684001,1.0783008493614,1.077126281214146,2695.9157601113693,2985.486990661234,2501.602567431736,490.1197956665113,2694.208835257504,2985.245200846248,2500.061259632904,489.66872600334216,0.31620205255888756,0.005170662363456409,0.3573201320261674,0.004862398994493911,-0.18929272674058062,0.0038296755873468073,-0.21942243159601738,0.0032241547749042652,1.0033286924833789,0.00462399435192512,1.0394674372785886,0.00423161545108549,0.4978339131839107,0.00447446539986056,0.4627248736564038,0.004016407433058542,0.5054947792994682,0.006434451365981776,0.5767425636221848,0.005834217856250602,14.681638991125288,13.86760302538249,14.695428546797576,13.875383541115005,2705.0,2023-12-01 05:46:54.779003966+00:00,2023113000503.0,-64.0,2.0,1065.0,3.0,True,HD2811,0.0,holo4_003,0.17340788437377358,187.0717964769301,0.0,105.72201929322355,99.57310247895478,872.6146639560413,555.8063727639171,32.66791587724422,72.98854299439238,11.021862641925313,0.8244722471458084,140.80514494576786,0.0,2.06544590394,3.1.0,2.0,,60.0,2.06544590394,-43.6125118766466,77.68488030945542,7.09999990463257,740.75,48.1749992370605,empty,74.82628722254799,-417.1354546397795,17.614663956041298,514.0,1579.0,855.0,900.0,1065.0,45.0,2.0,11333.333333333334,1.0,1.0,0.0,0.9922996434123206,0.0009539201202073262,0.0,0.0,0.04329172461346374,8.72247574942818e-05,0.1572649638514774,0.007746714182179263,313.9415640317429,1.0552007213255672,2.957549184455157,0.01364518156309908,1.0,0.0,1.0,0.0,187.37239478600213,0.005161453579891494,-1.2050340998858777,0.01835774384752252,-2.614224004176106,0.007692329149788654,0.21873557788501333,0.0005357190317315146,642.7845396948209,0.38015387841526194,949.9756569705106,0.0,532.0228731228294,0.0,-0.02232857191566327,0.0,0.0,0.0,0.0,0.0,0.0,0.0,10.539592871698607,0.007760961723785738,-3.7486399829879384,0.019629043647016512,2.9351643554077214,0.04777853412997623,2.688911542973495,0.0020539860927201578,-0.46429847566056154,0.005932814732906045,0.6462589496014103,0.014146985316873755,11333.333333333321,0.0,949.9756569705106,0.0,532.0228731228294,0.0,-0.02232857191566327,0.0,0.0,0.0,0.0,0.0,0.0,0.0,11.551870125281415,0.05808469100564361,0.0,0.0,0.0,0.0,2.5597292652059975,0.015224664156480596,0.0,0.0,0.0,0.0,11333.333333333321,0.0,949.9756569705106,0.0,532.0228731228294,0.0,-0.02232857191566327,0.0,0.0,0.0,0.0,0.0,0.0,0.0,23.921199194038774,0.0,0.0,0.0,0.0,0.0,7.8066444961880475,0.0,0.0,0.0,0.0,0.0,11333.333333333321,0.0,1.0,0.0,0.0,0.0,0.007639374277087621,0.0010903393836114523,0.0,0.0,600.0,16.181965882797865,0.0,0.10228887493241579,0.1,0.0,186.91000943704643,0.01055067545829922,0.8244722471458084,0.0,0.0,0.0,20231130.0,2023-12-01 05:46:54.779003966+00:00,2760.602004,-2760.602004
4,g,2023120500481,2023-12-06 06:19:31.774994944,14.68838180840249,14.376080407192422,0.0037188808473129,0.0034601875635289,14.680810879145444,14.349753077390224,0.0034183109172219,0.0030887851118135,r,2023120500482,2023-12-06 06:20:18.499994112,13.658889025047,13.895932299313966,0.0025208522591705,0.0027734525989425,13.625332517083775,13.859732796807505,0.0019239810940807,0.0025679834392071,46.724999,1.0690591999477697,1.0679712759070898,3156.2305194356964,2718.527999101352,2961.686311347585,223.0603165179664,3157.008029054756,2718.549658231757,2962.425771960037,222.72684651162356,0.31230140121006755,0.005079662659203933,0.3310578017552199,0.00460710787737374,-0.23704327426696636,0.0037478974680673857,-0.23440027972372945,0.003208775809311379,1.02949278335549,0.00449274647282436,1.0554783620616686,0.003922569665051011,0.4801481078784562,0.0044345165794459455,0.4900202805827192,0.0040168560356331744,0.5493446754770339,0.006312662525627098,0.5654580814789494,0.005614417617899568,14.68838180840249,13.895932299313966,14.680810879145444,13.859732796807505,2753.0,2023-12-06 05:37:02.519498432+00:00,2023120500442.0,-64.0,2.0,1064.0,3.0,True,HD185975,0.0,holo4_003,0.22224244469876872,186.97178120397257,0.0,141.7976514112199,102.34918692929452,872.9539922953747,616.5324009389434,2.8167610065057462,54.2408027877846,6.544869602864255,0.8883289312840297,7.773921000376538,0.0,2.10003292480613,3.1.0,2.0,,60.0,2.10003292480613,-87.4739009596576,-219.0862385619985,7.875,741.05,40.5374984741211,empty,39.10205315508199,-416.38572721835254,17.953992295374732,516.0,1580.0,855.0,900.0,1064.0,45.0,2.0,11333.333333333334,1.0,1.0,0.0,1.127997120681094,0.0015647687125324718,0.0,0.0,0.04254885656839675,0.00011854261926189451,0.0,0.0074868228885529116,334.80233003471443,1.2322360255142004,2.7172109192651908,0.010098850192055914,1.0,0.0,1.0,0.0,186.93073169198968,0.003561888946829071,0.673032704285593,0.013387871755891845,-2.1249265001761635,0.0048542648065721195,0.23424246836354293,0.0003039815409992904,625.5396238828744,0.25258843282606097,948.7884858723277,0.0,531.5306453623292,0.0,-0.029744682152713992,0.0,0.0,0.0,0.0,0.0,0.0,0.0,5.524461368707766,0.00334248339359183,-1.6202311386396884,0.008035162503641322,1.092958713821656,0.018580320483760293,2.5318619712666126,0.0014005476172941277,-0.1632364472478619,0.003525164601192541,0.277649732319289,0.008167540501637477,11333.333333333416,0.0,948.7884858723277,0.0,531.5306453623292,0.0,-0.029744682152713992,0.0,0.0,0.0,0.0,0.0,0.0,0.0,4.622366594779904,0.017979246989690254,0.0,0.0,0.0,0.0,1.821289145235665,0.0055581799562156985,0.0,0.0,0.0,0.0,11333.333333333416,0.0,948.7884858723277,0.0,531.5306453623292,0.0,-0.029744682152713992,0.0,0.0,0.0,0.0,0.0,0.0,0.0,5.657010677153491,0.0,0.0,0.0,0.0,0.0,2.591057996523182,0.0,0.0,0.0,0.0,0.0,11333.333333333416,0.0,1.0,0.0,0.0,0.0,0.040937507284415836,0.0005936646069394827,0.10367164189090125,0.03400771497648672,377.0594363672503,6.701719019159238,2.370236925231188,0.032559566669347575,1.7874666848939378,0.07480796368669679,186.80815044377215,0.008875125629497682,0.8883289312840297,0.0,0.0,0.0,20231205.0,2023-12-06 05:37:02.519498432+00:00,2549.255497,-2549.255497
5,g,2023120600244,2023-12-07 06:28:24.706501120,14.737259010743356,14.35334490131191,0.0031907306529386,0.0028178912001879,14.694740981025394,14.35156724049348,0.003242531031747,0.0029439958793614,r,2023120600245,2023-12-07 06:29:11.490004992,13.644921801412035,13.895192307728642,0.0023561197661636,0.0025458234772056,13.64548573659972,13.883138149915323,0.0018591094084998,0.0024460684635559,46.783503,1.0524196624369138,1.0515015607027978,3689.436325593234,3088.7384028120728,3494.197528283344,593.4119880512014,3688.681111009725,3087.863846090848,3493.450439077934,592.3389141870148,0.383914109431446,0.004256908845124404,0.3431737405319133,0.004379625466810966,-0.25027050631660686,0.003468791940949764,-0.23765241331560283,0.003072383231495576,1.0923372093313208,0.003966366404167522,1.049255244425673,0.003737685819409483,0.458152593583268,0.0037975950275388262,0.46842909057815696,0.0038275792174819355,0.6341846157480528,0.005491246711384986,0.5808261538475161,0.005349827843091249,14.737259010743356,13.895192307728642,14.694740981025394,13.883138149915323,2769.0,2023-12-07 05:44:44.111999058+00:00,2023120600203.0,-64.0,2.0,1064.0,3.0,True,HD38666,0.0,holo4_003,0.43741530952852375,186.0009994506836,0.0,62.353412649547394,125.65042807946293,1497.47956048637,500.89484580386375,0.023856746977147025,207.18618755670272,9.37316575078243,0.0,0.525191669645535,0.0,1.00263083681183,3.1.0,2.0,,60.0,1.00263083681183,-32.3033938391,4.381942865210083,11.125,741.35,25.5,empty,-58.81080196419498,-417.3495719205371,14.479560486370062,543.0,1607.0,1483.0,1528.0,1064.0,45.0,2.0,11333.333333333334,1.0,1.0,0.0,0.43617687067373306,0.0005334439113478608,0.0,0.0,1.0,0.0004376849049750813,1.5752713551151863e-12,0.002192655792988631,485.8537079461068,14.413689828508758,5.753129490950304e-10,0.02004957827467469,1.0,0.0,1.0,0.0,186.58196797201578,0.010386236517883993,1.9999999849639685,0.024136552513496883,0.6066024823166498,0.0038425169076247317,0.43044115807791694,0.00020279297121362293,949.3655333969871,6.239664152136516,948.8981232699357,0.0,531.4885871793136,0.0,0.007890136209000132,0.0,0.0,0.0,0.0,0.0,0.0,0.0,1.2775174701884673,0.002128692643503692,-18.08510917736447,0.011066430977208962,27.247075483330295,0.013808725384009502,1.268833082883996,0.0003044478733166261,-2.978242415478056,0.0021231175860008025,4.0440696414639286,0.002905046686690495,11333.333333333416,0.0,948.8981232699357,0.0,531.4885871793136,0.0,0.007890136209000132,0.0,0.0,0.0,0.0,0.0,0.0,0.0,7.880503181107201,0.014642693391343832,0.0,0.0,0.0,0.0,2.704552415587624,0.004598782084261366,0.0,0.0,0.0,0.0,11333.333333333416,0.0,948.8981232699357,0.0,531.4885871793136,0.0,0.007890136209000132,0.0,0.0,0.0,0.0,0.0,0.0,0.0,5.339650553117541,0.0,0.0,0.0,0.0,0.0,2.019231522756508,0.0,0.0,0.0,0.0,0.0,11333.333333333416,0.0,1.0,0.0,0.0,0.0,1.0,0.035655038628630426,0.0,0.14566553908541285,0.0,26346.74250343924,7.6011000945783085,46.8469873794753,1.4415726671760059,1.8166328898616266,185.98166178070508,0.37796681737817717,0.0,0.0,0.0,0.0,20231206.0,2023-12-07 05:44:44.111999058+00:00,2620.594503,-2620.594503
6,g,2023120600248,2023-12-07 06:32:17.905999872,14.704419685859856,14.367455754131962,0.0033307889489506,0.0029918045624898,14.687115613598854,14.347601665021283,0.0033640803597448,0.0029932140300962,r,2023120600249,2023-12-07 06:33:04.708000000,13.655971612414191,13.861163825390552,0.0024212730764903,0.0026449019481231,13.630524493619012,13.859352925118984,0.0019071191520617,0.0024916835932411,46.802,1.0480235236715267,1.0471532273627842,3134.146334655556,3094.574680118516,2939.512025751359,599.3398929893025,3136.0964193858144,3094.916808648589,2941.3719633433275,599.108877449701,0.33696393172789385,0.004477169816143479,0.33951394857757045,0.0045029287021654514,-0.20519221297636037,0.0035858150574342466,-0.22882843149997179,0.003137768409074739,1.0484480734456643,0.004117853607571333,1.0565911199798421,0.0038670583299171015,0.50629192874141,0.003993294486425983,0.4882487399022999,0.003894588214277809,0.5421561447042542,0.005736124056251608,0.5683423800775422,0.005488347427575341,14.704419685859856,13.861163825390552,14.687115613598854,13.859352925118984,2769.0,2023-12-07 05:44:44.111999058+00:00,2023120600203.0,-64.0,2.0,1064.0,3.0,True,HD38666,0.0,holo4_003,0.43741530952852375,186.0009994506836,0.0,62.353412649547394,125.65042807946293,1497.47956048637,500.89484580386375,0.023856746977147025,207.18618755670272,9.37316575078243,0.0,0.525191669645535,0.0,1.00263083681183,3.1.0,2.0,,60.0,1.00263083681183,-32.3033938391,4.381942865210083,11.125,741.35,25.5,empty,-58.81080196419498,-417.3495719205371,14.479560486370062,543.0,1607.0,1483.0,1528.0,1064.0,45.0,2.0,11333.333333333334,1.0,1.0,0.0,0.43617687067373306,0.0005334439113478608,0.0,0.0,1.0,0.0004376849049750813,1.5752713551151863e-12,0.002192655792988631,485.8537079461068,14.413689828508758,5.753129490950304e-10,0.02004957827467469,1.0,0.0,1.0,0.0,186.58196797201578,0.010386236517883993,1.9999999849639685,0.024136552513496883,0.6066024823166498,0.0038425169076247317,0.43044115807791694,0.00020279297121362293,949.3655333969871,6.239664152136516,948.8981232699357,0.0,531.4885871793136,0.0,0.007890136209000132,0.0,0.0,0.0,0.0,0.0,0.0,0.0,1.2775174701884673,0.002128692643503692,-18.08510917736447,0.011066430977208962,27.247075483330295,0.013808725384009502,1.268833082883996,0.0003044478733166261,-2.978242415478056,0.0021231175860008025,4.0440696414639286,0.002905046686690495,11333.333333333416,0.0,948.8981232699357,0.0,531.4885871793136,0.0,0.007890136209000132,0.0,0.0,0.0,0.0,0.0,0.0,0.0,7.880503181107201,0.014642693391343832,0.0,0.0,0.0,0.0,2.704552415587624,0.004598782084261366,0.0,0.0,0.0,0.0,11333.333333333416,0.0,948.8981232699357,0.0,531.4885871793136,0.0,0.007890136209000132,0.0,0.0,0.0,0.0,0.0,0.0,0.0,5.339650553117541,0.0,0.0,0.0,0.0,0.0,2.019231522756508,0.0,0.0,0.0,0.0,0.0,11333.333333333416,0.0,1.0,0.0,0.0,0.0,1.0,0.035655038628630426,0.0,0.14566553908541285,0.0,26346.74250343924,7.6011000945783085,46.8469873794753,1.4415726671760059,1.8166328898616266,185.98166178070508,0.37796681737817717,0.0,0.0,0.0,0.0,20231206.0,2023-12-07 05:44:44.111999058+00:00,2853.794001,-2853.794001
7,g,2023121100539,2023-12-12 06:42:08.847497984,14.726789072419768,14.338099045156811,0.0033253738423905,0.0029707596961921,14.686542683322156,14.346766887663478,0.0033264797256242,0.0029775828749738,r,2023121100540,2023-12-12 06:42:55.624003072,13.669575026097952,13.897027639034665,0.0024478951779109,0.0026605001047463,13.652758854021345,13.882345791396451,0.0019030503549596,0.0024803201204887,46.776505,1.0216874581410895,1.0211681346750436,3212.119263542746,3064.6547732151453,3017.250592771089,569.249595397369,3217.0584539943766,3064.512537261304,3022.18013385547,568.7613420342875,0.38869002726295676,0.004459094567754124,0.339775795658678,0.0044644671733955095,-0.22745261293671248,0.003615307954987308,-0.22958693737510671,0.0031262739089230394,1.0572140463218158,0.004129201132627763,1.0337838293008108,0.003832371070042763,0.44107140612214657,0.003987941070261,0.4644210962670261,0.0038753048496135527,0.6161426401996692,0.005740555371527118,0.5693627330337847,0.00545023446247398,14.726789072419768,13.897027639034665,14.686542683322156,13.882345791396451,2823.0,2023-12-12 07:34:13.420490999+00:00,2023121100599.0,-64.0,2.0,1064.0,3.0,True,HD73495,9.4e-05,holo4_003,0.3807409208888123,187.11564260502826,0.0,-127.47729696205784,101.83591363805178,874.5253718789178,566.122903956069,0.2280342072000415,57.186368781160766,4.95375117006391,1.0182542840832438,699.680203010888,0.0,1.00691277845682,3.1.0,2.0,,60.0,1.00691277845682,-26.258856330957,-6.21973195688448,13.6000003814697,740.9,29.3999996185303,empty,125.593277538378,-416.2106880034015,21.52537187891781,516.0,1580.0,853.0,898.0,1064.0,45.0,2.0,11333.333333333334,1.0,1.0,0.0,1.5387400479332156,0.0004373724762960767,0.0,0.0,0.36056520280492327,0.00016709834833871033,2.999999635474639,0.0032963603715453873,0.0,2.073590884177204,4.134047026035231,0.017192795974334936,1.0,0.0,1.0,0.0,185.94881610043586,0.003406872538766042,0.6035540056994878,0.004817781322732497,4.553355686478938,0.0007242879506529153,0.21143163348903074,4.320057413838352e-05,2535.1843582579627,1.0036312672204306,948.7127786354423,0.0,531.4807602727946,0.0,0.017868879774088388,0.0,0.0,0.0,0.0,0.0,0.0,0.0,3.8219168477131737,0.001095342348664753,-2.7603895250512633,0.0022640182166333554,0.4209281899698263,0.004663604648832843,2.257658445386182,0.0004117723227830928,-0.5599129627052996,0.0007234457120717776,-0.8137548385063312,0.0014052003597853737,11333.333333333416,0.0,948.7127786354423,0.0,531.4807602727946,0.0,0.017868879774088388,0.0,0.0,0.0,0.0,0.0,0.0,0.0,4.629610787146677,0.0026582658683484434,0.0,0.0,0.0,0.0,2.5503972184397616,0.0012584362469214953,0.0,0.0,0.0,0.0,11333.333333333416,0.0,948.7127786354423,0.0,531.4807602727946,0.0,0.017868879774088388,0.0,0.0,0.0,0.0,0.0,0.0,0.0,5.140055137900077,0.0,0.0,0.0,0.0,0.0,2.748395722283937,0.0,0.0,0.0,0.0,0.0,11333.333333333416,0.0,1.0,0.0,0.0,0.0,0.5096468512664142,0.00618369408253869,3.0,0.05991399002337362,600.0,176.11016789570178,0.0,0.3890103131495943,0.10000062674822348,0.0,189.11564260502826,0.08188347532162663,1.0182542840832438,0.0,0.0,0.0,20231211.0,2023-12-12 07:34:13.420490999+00:00,3124.572993,3124.572993
8,g,2023121100543,2023-12-12 06:45:57.241003008,14.722797798109294,14.358495460709737,0.0034690943577115,0.0031063196306654,14.697523857390742,14.363844398045558,0.0033695029467461,0.002802240617643,r,2023121100544,2023-12-12 06:46:43.820502016,13.643591818862198,13.863289034962492,0.0024369045860736,0.0026191899842796,13.639607425922875,13.876052897926316,0.0019141147432452,0.0023383425118302,46.579499,1.019327127152331,1.0188511056120382,2105.04565958566,3082.3422454824986,1910.969982483177,586.8312332943192,2107.0511221732386,3081.0663181247373,1912.7596653541093,585.4620965739437,0.36430233739955753,0.004656590739002407,0.33367945934518417,0.004382476764034108,-0.21969721610029325,0.0035775215073255836,-0.23644547200344057,0.0030218671302592055,1.0792059792470958,0.004239471620890074,1.0579164314678664,0.00387522713636753,0.49520642574724505,0.00406317336839173,0.48779150011924166,0.003649712068341911,0.5839995534998508,0.005872179956876331,0.5701249313486247,0.005323324481960486,14.722797798109294,13.863289034962492,14.697523857390742,13.876052897926316,2823.0,2023-12-12 07:34:13.420490999+00:00,2023121100599.0,-64.0,2.0,1064.0,3.0,True,HD73495,9.4e-05,holo4_003,0.3807409208888123,187.11564260502826,0.0,-127.47729696205784,101.83591363805178,874.5253718789178,566.122903956069,0.2280342072000415,57.186368781160766,4.95375117006391,1.0182542840832438,699.680203010888,0.0,1.00691277845682,3.1.0,2.0,,60.0,1.00691277845682,-26.258856330957,-6.21973195688448,13.6000003814697,740.9,29.3999996185303,empty,125.593277538378,-416.2106880034015,21.52537187891781,516.0,1580.0,853.0,898.0,1064.0,45.0,2.0,11333.333333333334,1.0,1.0,0.0,1.5387400479332156,0.0004373724762960767,0.0,0.0,0.36056520280492327,0.00016709834833871033,2.999999635474639,0.0032963603715453873,0.0,2.073590884177204,4.134047026035231,0.017192795974334936,1.0,0.0,1.0,0.0,185.94881610043586,0.003406872538766042,0.6035540056994878,0.004817781322732497,4.553355686478938,0.0007242879506529153,0.21143163348903074,4.320057413838352e-05,2535.1843582579627,1.0036312672204306,948.7127786354423,0.0,531.4807602727946,0.0,0.017868879774088388,0.0,0.0,0.0,0.0,0.0,0.0,0.0,3.8219168477131737,0.001095342348664753,-2.7603895250512633,0.0022640182166333554,0.4209281899698263,0.004663604648832843,2.257658445386182,0.0004117723227830928,-0.5599129627052996,0.0007234457120717776,-0.8137548385063312,0.0014052003597853737,11333.333333333416,0.0,948.7127786354423,0.0,531.4807602727946,0.0,0.017868879774088388,0.0,0.0,0.0,0.0,0.0,0.0,0.0,4.629610787146677,0.0026582658683484434,0.0,0.0,0.0,0.0,2.5503972184397616,0.0012584362469214953,0.0,0.0,0.0,0.0,11333.333333333416,0.0,948.7127786354423,0.0,531.4807602727946,0.0,0.017868879774088388,0.0,0.0,0.0,0.0,0.0,0.0,0.0,5.140055137900077,0.0,0.0,0.0,0.0,0.0,2.748395722283937,0.0,0.0,0.0,0.0,0.0,11333.333333333416,0.0,1.0,0.0,0.0,0.0,0.5096468512664142,0.00618369408253869,3.0,0.05991399002337362,600.0,176.11016789570178,0.0,0.3890103131495943,0.10000062674822348,0.0,189.11564260502826,0.08188347532162663,1.0182542840832438,0.0,0.0,0.0,20231211.0,2023-12-12 07:34:13.420490999+00:00,2896.179487,2896.179487
9,g,2023121400278,2023-12-15 06:11:41.972493056,14.69434714953017,14.335800485469504,0.0035868611894154,0.0032561452568966,14.686931769228082,14.34376416486128,0.0033898442509235,0.0030362433430521,r,2023121400279,2023-12-15 06:12:28.807502080,13.622687091989231,13.874260434761794,0.0025711550024832,0.0027610600432059,13.62981882164119,13.858580815506508,0.0019286424908847,0.002492480121762,46.835009,1.03680433579632,1.0360670175421407,2975.7716664526,2957.790160906363,2780.805466493352,462.35394445112337,2977.0735440084763,2958.0910849983925,2782.1396080336585,462.3205141487957,0.3585466640606665,0.004844383874771351,0.34316760436680127,0.004550804070024032,-0.2515733427725628,0.003772835884183481,-0.2287619938653176,0.0031515264579287054,1.0716600575409387,0.004413208723698534,1.0571129475868908,0.003900090499355758,0.4615400507077094,0.004269184289322539,0.4851833493547719,0.003928260530515626,0.6101200068332293,0.006140223589994687,0.5719295982321189,0.005535515937902442,14.69434714953017,13.874260434761794,14.686931769228082,13.858580815506508,,,,,,,,,,,,,,,,,,,,,,,,,,,,,,,,,,,,,,,,,,,,,,,,,,,,,,,,,,,,,,,,,,,,,,,,,,,,,,,,,,,,,,,,,,,,,,,,,,,,,,,,,,,,,,,,,,,,,,,,,,,,,,,,,,,,,,,,,,,,,,,,,,,,,,,,,,,,,,,,,,,,,,,,,,,,,,,,,,
10,g,2023121500504,2023-12-16 06:04:28.611005952,14.716001329907986,14.329949218574765,0.0037096267403461,0.0033701272901948,14.678032202730758,14.342159558868133,0.0034690498022335,0.0030432370015738,r,2023121500505,2023-12-16 06:05:15.386496000,13.68918378435474,13.868504914790268,0.0026976815561825,0.0028700614926113,13.641812099990132,13.879122930851103,0.0019533563950791,0.0025063241685014,46.77549,1.0400981322952338,1.039321313175331,2454.1474446978536,3271.7811415575343,2260.046356044937,776.1979148397776,2453.96857453017,3272.215558764575,2259.706378786082,776.5488266380094,0.38605211133322115,0.0050118947020868845,0.3358726438626256,0.004614715373468247,-0.17932113043552889,0.003938875315358108,-0.23731083086097193,0.00317761892677688,1.0268175455532464,0.004586808948632815,1.0362201027406268,0.003981194260089892,0.4614443037844964,0.0044266252296174735,0.4630366280170293,0.003942455108858201,0.56537324176875,0.006374466821212894,0.5731834747235975,0.00560293316236548,14.716001329907986,13.868504914790268,14.678032202730758,13.879122930851103,,,,,,,,,,,,,,,,,,,,,,,,,,,,,,,,,,,,,,,,,,,,,,,,,,,,,,,,,,,,,,,,,,,,,,,,,,,,,,,,,,,,,,,,,,,,,,,,,,,,,,,,,,,,,,,,,,,,,,,,,,,,,,,,,,,,,,,,,,,,,,,,,,,,,,,,,,,,,,,,,,,,,,,,,,,,,,,,,,
11,g,2023121500508,2023-12-16 06:08:18.643501056,14.729073786511266,14.363041229433374,0.003430364217704,0.0030250725561241,14.702639592857508,14.367395213950957,0.003566859302347,0.0029611969303461,r,2023121500505,2023-12-16 06:05:15.386496000,13.68918378435474,13.868504914790268,0.0026976815561825,0.0028700614926113,13.641812099990132,13.879122930851103,0.0019533563950791,0.0025063241685014,-183.257006,1.0364373239406812,1.039321313175331,1901.8781429128892,3276.947631832481,1708.0776321698809,781.5656811118342,2453.96857453017,3272.215558764575,2259.706378786082,776.5488266380094,0.36603255707789195,0.004573670586730003,0.3352443789065518,0.004635857260855914,-0.17932113043552889,0.003938875315358108,-0.23731083086097193,0.00317761892677688,1.0398900021565272,0.004364044505349506,1.0608274928673769,0.0040667046227794495,0.4945363146431063,0.004169930088285102,0.48827228309985315,0.0038794778125290784,0.5453536875134208,0.006035992162507885,0.5725552097675237,0.005620358937544928,14.729073786511266,13.868504914790268,14.702639592857508,13.879122930851103,,,,,,,,,,,,,,,,,,,,,,,,,,,,,,,,,,,,,,,,,,,,,,,,,,,,,,,,,,,,,,,,,,,,,,,,,,,,,,,,,,,,,,,,,,,,,,,,,,,,,,,,,,,,,,,,,,,,,,,,,,,,,,,,,,,,,,,,,,,,,,,,,,,,,,,,,,,,,,,,,,,,,,,,,,,,,,,,,,
12,g,2023122000197,2023-12-21 05:15:56.908004096,14.7289486964719,14.33487205693896,0.0033051926384476,0.0029753106055413,14.687224108297286,14.34011882646773,0.0033696375392609,0.0029434912418444,r,2023122000198,2023-12-21 05:16:43.504005888,13.652055208758917,13.898256717077246,0.002324396769314,0.0025478495527794,13.640655096233028,13.874403538963628,0.0019203345432614,0.0024637433869935,46.596001,1.0756494634136955,1.0745011194151506,3504.2470018445897,2630.686700194617,3309.293854709299,135.19782417904557,3506.259764231768,2630.941819111887,3311.1835516782285,135.25821955945207,0.3940766395329405,0.004447108226330313,0.34710528182955613,0.004474214773210037,-0.24620150831832888,0.003448819752436411,-0.2337484427306009,0.0031237343412968354,1.076893487712983,0.00404068295198294,1.0465690120642588,0.0038784200267685323,0.43661533986171364,0.003917143160907541,0.46571528750410174,0.0038385117126001965,0.6402781478512694,0.005627710836698194,0.580853724560157,0.0054567677311580815,14.7289486964719,13.898256717077246,14.687224108297286,13.874403538963628,2949.0,2023-12-21 04:40:41.695490283+00:00,2023122000166.0,-64.0,2.0,1064.0,3.0,True,HD2811,0.0,holo4_003,0.2713839400215303,187.1284507331838,0.0,107.52895304449909,100.8686765373037,867.9858001289942,555.8063727639171,23.50309196870392,49.09794526612765,6.668934853533199,1.1176747701852905,10.36703096571717,0.0,2.21743497268315,3.1.0,2.0,,60.0,2.21743497268315,-43.6106722214796,80.79193596466224,13.5500001907349,741.8,23.3500003814697,empty,72.987571115697,-416.7176832693821,14.985800128994285,514.0,1578.0,853.0,898.0,1064.0,45.0,2.0,11333.333333333334,1.0,1.0,0.0,1.002248277204883,0.000842220678799436,0.0,0.0,0.07461577114149358,7.889609579480403e-05,0.1746117603898404,0.0038444469756210927,322.0207445385967,1.0079727611325202,4.6951841304690625,0.01653150808687465,1.0,0.0,1.0,0.0,187.3494854790061,0.005196128800795952,-0.7873112840258403,0.027167849519977513,-3.7129740588630296,0.004200586759406979,0.24690063215260497,0.00028730872812220414,626.5130416953058,0.17702797505102408,949.37538589536,0.0,531.533652982018,0.0,-0.03418159104513598,0.0,0.0,0.0,0.0,0.0,0.0,0.0,6.1259290463113985,0.0035995846312197204,-2.12049613297911,0.007520265010797455,-0.4303989341094801,0.017401252544700006,2.4692188125120524,0.001291927522605813,-0.4885769901040823,0.0026522507548937284,-0.3981314979165342,0.005922716703696211,11333.333333333272,0.0,949.37538589536,0.0,531.533652982018,0.0,-0.03418159104513598,0.0,0.0,0.0,0.0,0.0,0.0,0.0,7.704062019998729,0.031414900954300475,0.0,0.0,0.0,0.0,2.792979453145083,0.013397149792435194,0.0,0.0,0.0,0.0,11333.333333333272,0.0,949.37538589536,0.0,531.533652982018,0.0,-0.03418159104513598,0.0,0.0,0.0,0.0,0.0,0.0,0.0,6.889105771511754,0.0,0.0,0.0,0.0,0.0,2.7558786960908095,0.0,0.0,0.0,0.0,0.0,11333.333333333272,0.0,1.0,0.0,0.0,0.0,0.0739133654889408,0.0005692872248808295,0.026317544641389697,0.01872197901241561,399.43160633095397,6.464326349195494,0.0,0.02569694050583126,2.489764189423986,0.09761823500709851,186.99093746711472,0.01627498768880027,1.1176747701852905,0.0,0.0,0.0,20231220.0,2023-12-21 04:40:41.695490283+00:00,2115.212514,-2115.212514
13,g,2023122100512,2023-12-22 05:24:52.047501056,14.68479892978265,14.37680400835545,0.0034172422436396,0.0030700871187612,14.679604434492092,14.34269405707603,0.003369793780747,0.0029321049753486,r,2023122100513,2023-12-22 05:25:38.845995008,13.651897539273437,13.89267075467101,0.0023980141282464,0.0026195094578541,13.647508551244004,13.8833789013525,0.0019036312501595,0.0024200924950365,46.798493,1.0579876512896325,1.0570097759124462,3752.621437263761,2790.5018850143256,3557.3665137364706,295.1947750636778,3753.229947987448,2790.728261681418,3558.040634768337,295.12207538515054,0.3079949214272002,0.004593797935096673,0.33691037741606067,0.004466850088286507,-0.24077321539757435,0.003551380232959634,-0.2358703501084971,0.0030790679792943535,1.0329013905092133,0.004174687570463728,1.032095883248088,0.003870312915171715,0.4841332536844387,0.004035748346536306,0.4593151557235302,0.0038018531364317596,0.5487681368247745,0.005806486117055209,0.5727807275245578,0.0054252566144230435,14.68479892978265,13.89267075467101,14.679604434492092,13.8833789013525,2982.0,2023-12-22 04:26:48.214991110+00:00,2023122100469.0,-64.0,2.0,1064.0,3.0,True,HD2811,0.0,holo4_003,0.30328777420522146,187.54186338470214,0.0,106.07897516246929,95.43327770685823,871.1993212816244,555.8063727639171,2.038508374785837,50.14413652783146,8.990595322669012,-0.4305208628923014,14.572980080282644,0.0,2.09374507819166,3.1.0,2.0,,60.0,2.09374507819166,-43.6121018574987,78.29788306484447,12.1750001907349,743.15,19.9874992370605,empty,74.44131523980701,-418.2795238221868,16.19932128162442,515.0,1579.0,855.0,900.0,1064.0,45.0,2.0,11333.333333333334,1.0,1.0,0.0,0.9784811159920505,0.0008745972328257827,0.0,0.0,0.04580238385017922,7.670654580689888e-05,0.1687472441218325,0.006388328068894513,310.5522489152367,1.0275643899312845,3.9429110267760588,0.015580162174178234,1.0,0.0,1.0,0.0,187.48004289228612,0.003591951549567683,-0.2667084920789871,0.011538652208157443,-2.843045462034407,0.007724787519462745,0.2393498326931566,0.0005413819224665519,632.3377141170608,0.3418201660651518,949.388253019227,0.0,531.5345236501992,0.0,-0.034623185338186556,0.0,0.0,0.0,0.0,0.0,0.0,0.0,9.61761317618918,0.00699040127295815,-3.828483243459374,0.01567834443674785,-0.09707085418321051,0.03454704568559044,3.0742883372501852,0.0024508649528305654,-0.7668902249378053,0.005823956699081493,-0.2947594622880844,0.012268816559067744,11333.333333333416,0.0,949.388253019227,0.0,531.5345236501992,0.0,-0.034623185338186556,0.0,0.0,0.0,0.0,0.0,0.0,0.0,10.785398606731528,0.07588826842754655,0.0,0.0,0.0,0.0,3.173154775741224,0.029059380588841773,0.0,0.0,0.0,0.0,11333.333333333416,0.0,949.388253019227,0.0,531.5345236501992,0.0,-0.034623185338186556,0.0,0.0,0.0,0.0,0.0,0.0,0.0,9.078811949721912,0.0,0.0,0.0,0.0,0.0,2.844539192586286,0.0,0.0,0.0,0.0,0.0,11333.333333333416,0.0,1.0,0.0,0.0,0.0,0.033371995077351176,0.0006966388872036724,1.936103242095769,0.10346396706257867,500.93380441045866,7.602288399407541,0.0,0.02952117027945833,9.742331158447065,0.32059463917890596,185.76915977857354,0.0551071364843656,-0.4305208628923014,0.0,0.0,0.0,20231221.0,2023-12-22 04:26:48.214991110+00:00,3483.83251,-3483.83251
14,g,2023122200489,2023-12-23 05:49:39.619505920,14.684731039448948,14.343134535905897,0.0033799836114288,0.003007349073459,14.6890520688746,14.350462519939544,0.0034793158033967,0.0030876149327776,r,2023122200490,2023-12-23 05:50:26.146006016,13.645360288533617,13.85842981398209,0.0023954480502095,0.0025808938690842,13.643170603373848,13.873941212073571,0.0019447459314478,0.0025118889831492,46.5265,1.0285434319709723,1.0279214614155978,2841.0759435936143,2797.8822227596856,2646.3542029059267,302.2957471290436,2842.040148116951,2798.967464012916,2647.3925396263453,303.2759221586033,0.3415965035430517,0.00452420574942851,0.33858954893505633,0.004651774331680037,-0.21306952544847313,0.0035212475807203485,-0.2307706086997232,0.003176731496609226,1.0393707509153316,0.004142760018970417,1.0458814655007522,0.003985934670519425,0.48470472192380676,0.003962973834522645,0.4765213078659727,0.003980320619846792,0.5546660289915248,0.005733029058699326,0.5693601576347795,0.005632994535273965,14.684731039448948,13.85842981398209,14.6890520688746,13.873941212073571,3018.0,2023-12-23 06:46:59.520499466+00:00,2023122200538.0,-64.0,2.0,1064.0,3.0,True,HD73495,9.4e-05,holo4_003,0.3856641894557763,186.82793260497695,0.0,-123.75887710542796,103.70260959042606,872.9433891596916,566.122903956069,0.09714881331357636,56.60071806401964,6.149767373247343,0.8182244230575902,627.1711652238913,0.0,1.00852356417221,3.1.0,2.0,,60.0,1.00852356417221,-26.2586506577868,-7.217048910145533,13.8500003814697,741.8,22.4249992370605,empty,122.17897675045299,-417.9428460615137,22.943389159691648,520.0,1584.0,850.0,895.0,1064.0,45.0,2.0,11333.333333333334,1.0,1.0,0.0,1.3674552225183763,0.0003368083703634413,0.0,0.0,0.26877085979519905,0.0001399993747836294,3.0,0.004220532616008569,1.7186189843974797e-05,1.9112369903323068,1.2401299403506179,0.008513993232774297,1.0,0.0,1.0,0.0,184.95310295765344,0.0034518757166212724,0.045464914855574794,0.003864304964222946,5.483759114470658,0.0007527363202574428,0.22587843461528115,4.525516347890448e-05,2159.1328188281414,0.961765332638415,950.2395345968237,0.0,531.4771559458349,0.0,0.02050918293849081,0.0,0.0,0.0,0.0,0.0,0.0,0.0,4.268979181438261,0.0013207443784885304,-3.073363308362359,0.003293362324131698,3.312269420916823,0.0073305676877859285,2.255445551178544,0.0004654998337036971,-0.5225312486193906,0.0013135360085571209,0.3965372159623057,0.002675339450572113,11333.333333333272,0.0,950.2395345968237,0.0,531.4771559458349,0.0,0.02050918293849081,0.0,0.0,0.0,0.0,0.0,0.0,0.0,4.003957833144226,0.0024648392947383044,0.0,0.0,0.0,0.0,1.9674339359126716,0.0008561922988444349,0.0,0.0,0.0,0.0,11333.333333333272,0.0,950.2395345968237,0.0,531.4771559458349,0.0,0.02050918293849081,0.0,0.0,0.0,0.0,0.0,0.0,0.0,5.0666100650834345,0.0,0.0,0.0,0.0,0.0,2.525462653619499,0.0,0.0,0.0,0.0,0.0,11333.333333333272,0.0,1.0,0.0,0.0,0.0,0.46064203618493554,0.008921916173614193,3.0,0.14126871515324776,600.0,164.28228076499948,0.0,0.8127876913116617,8.464221109438931,1.3176961374007896,188.76172031928948,0.27496071888152296,0.8182244230575902,0.0,0.0,0.0,20231222.0,2023-12-23 06:46:59.520499466+00:00,3439.900993,3439.900993
15,g,2023122200497,2023-12-23 05:57:32.612002048,14.690229292250123,14.348302225897177,0.0034001908693509,0.003042663184879,14.682416662270706,14.337766688146525,0.0035219318359594,0.0028600391570398,r,2023122200498,2023-12-23 05:58:19.376494080,13.658633939478973,13.870984661861122,0.0024970323637656,0.0026749499023091,13.640583770525074,13.87352761351054,0.0019555753508808,0.0023692390432396,46.764492,1.0227360913642596,1.022200109453302,1734.517497961393,2813.716982142709,1540.7543315889568,318.36421139743027,1731.4809775863648,2815.4508931903483,1537.5515332861817,319.75448327030875,0.34192706635294634,0.004562794889608259,0.34464997412418086,0.0045369403607437115,-0.21235072238214947,0.0036593069843286288,-0.2329438429854651,0.0030720625965275283,1.0315953527711503,0.004218586087033196,1.0418328917456314,0.004028433791204333,0.4773175640360545,0.004051315371145708,0.46423907463598546,0.003713908671980482,0.5542777887350958,0.005848899452904925,0.577593817109646,0.0054791784451620786,14.690229292250123,13.870984661861122,14.682416662270706,13.87352761351054,3018.0,2023-12-23 06:46:59.520499466+00:00,2023122200538.0,-64.0,2.0,1064.0,3.0,True,HD73495,9.4e-05,holo4_003,0.3856641894557763,186.82793260497695,0.0,-123.75887710542796,103.70260959042606,872.9433891596916,566.122903956069,0.09714881331357636,56.60071806401964,6.149767373247343,0.8182244230575902,627.1711652238913,0.0,1.00852356417221,3.1.0,2.0,,60.0,1.00852356417221,-26.2586506577868,-7.217048910145533,13.8500003814697,741.8,22.4249992370605,empty,122.17897675045299,-417.9428460615137,22.943389159691648,520.0,1584.0,850.0,895.0,1064.0,45.0,2.0,11333.333333333334,1.0,1.0,0.0,1.3674552225183763,0.0003368083703634413,0.0,0.0,0.26877085979519905,0.0001399993747836294,3.0,0.004220532616008569,1.7186189843974797e-05,1.9112369903323068,1.2401299403506179,0.008513993232774297,1.0,0.0,1.0,0.0,184.95310295765344,0.0034518757166212724,0.045464914855574794,0.003864304964222946,5.483759114470658,0.0007527363202574428,0.22587843461528115,4.525516347890448e-05,2159.1328188281414,0.961765332638415,950.2395345968237,0.0,531.4771559458349,0.0,0.02050918293849081,0.0,0.0,0.0,0.0,0.0,0.0,0.0,4.268979181438261,0.0013207443784885304,-3.073363308362359,0.003293362324131698,3.312269420916823,0.0073305676877859285,2.255445551178544,0.0004654998337036971,-0.5225312486193906,0.0013135360085571209,0.3965372159623057,0.002675339450572113,11333.333333333272,0.0,950.2395345968237,0.0,531.4771559458349,0.0,0.02050918293849081,0.0,0.0,0.0,0.0,0.0,0.0,0.0,4.003957833144226,0.0024648392947383044,0.0,0.0,0.0,0.0,1.9674339359126716,0.0008561922988444349,0.0,0.0,0.0,0.0,11333.333333333272,0.0,950.2395345968237,0.0,531.4771559458349,0.0,0.02050918293849081,0.0,0.0,0.0,0.0,0.0,0.0,0.0,5.0666100650834345,0.0,0.0,0.0,0.0,0.0,2.525462653619499,0.0,0.0,0.0,0.0,0.0,11333.333333333272,0.0,1.0,0.0,0.0,0.0,0.46064203618493554,0.008921916173614193,3.0,0.14126871515324776,600.0,164.28228076499948,0.0,0.8127876913116617,8.464221109438931,1.3176961374007896,188.76172031928948,0.27496071888152296,0.8182244230575902,0.0,0.0,0.0,20231222.0,2023-12-23 06:46:59.520499466+00:00,2966.908497,2966.908497
16,g,2024013000155,2024-01-31 04:04:20.303996928,14.693622487951725,14.297922841874858,0.0034338641400957,0.0031036270501949,14.694633899168,14.339447347185477,0.0035356511305887,0.0030019826655015,r,2024013000156,2024-01-31 04:05:06.996495104,13.671300157698823,13.868094671075584,0.0024826137036059,0.0026894112327775,13.649911852211982,13.873826686235212,0.0019503624886144,0.0024480594819221,46.692498,1.0062294355193655,1.006129376979123,2667.444159769271,2805.82822375568,2472.828299919944,310.528136004293,2670.847579249303,2802.7018356568337,2476.127289246916,307.5688683144444,0.39569964607686714,0.004628598470307905,0.35518655198252347,0.00463818163089854,-0.19679451337676035,0.0036600961162682045,-0.22391483402322976,0.0031300014479266392,1.0223223302529014,0.004237309728349697,1.044722046956018,0.004037913168237686,0.42982817079927393,0.004106754636655481,0.46562066095026466,0.0038736152559334276,0.5924941594536275,0.005900866663436675,0.5791013860057532,0.005595501577627112,14.693622487951725,13.868094671075584,14.694633899168,13.873826686235212,3039.0,2024-01-31 04:20:57.928006273+00:00,2024013000173.0,-64.0,2.0,1064.0,3.0,True,HD38666,0.0,holo4_003,0.12659432320570235,186.0009994506836,0.0,96.47144153761475,327.3669499603322,556.3477930080938,500.89484580386375,0.00029470517025518,212.29733380635417,5.989677945369806,0.0,0.7679146435690051,0.0,1.17766482787449,3.1.0,2.0,,60.0,1.17766482787449,-32.3111440228635,37.581986946580685,17.8125,743.9,21.3125,empty,83.67843467088699,-417.6330500396678,19.34779300809386,745.0,1809.0,537.0,582.0,1064.0,45.0,2.0,11333.333333333334,1.0,1.0,0.0,0.8579585063338127,0.0008553887883024833,0.0,0.0,1.0,0.0005769162237827891,9.926340850224135e-10,0.00170224595880066,599.9999352024009,10.454056186399034,5.3040110894644314,0.04326692238616505,1.0,0.0,1.0,0.0,186.1557144387865,0.006238723309986583,0.7393908245545148,0.009951794761304682,2.6262041713706084,0.002041325665715951,-0.0821909969984012,0.00012781920128770324,775.2180377448806,0.47356038368112,949.1355196212093,0.0,531.5043877287405,0.0,-0.00417873522581387,0.0,0.0,0.0,0.0,0.0,0.0,0.0,6.860580118965375,0.007027740132468031,10.21541499341075,0.016923328893394946,4.308186378473487,0.012385288823772033,5.371221937230247,0.006007646914334311,6.478580000421442,0.017597421060991554,0.8380352642479545,0.013346161968697604,11333.333333333272,0.0,949.1355196212093,0.0,531.5043877287405,0.0,-0.00417873522581387,0.0,0.0,0.0,0.0,0.0,0.0,0.0,6.1194244322921,0.011558246431563259,0.0,0.0,0.0,0.0,4.991941716891106,0.011010240940613399,0.0,0.0,0.0,0.0,11333.333333333272,0.0,949.1355196212093,0.0,531.5043877287405,0.0,-0.00417873522581387,0.0,0.0,0.0,0.0,0.0,0.0,0.0,6.757026228382134,0.0,0.0,0.0,0.0,0.0,5.233060014123824,0.0,0.0,0.0,0.0,0.0,11333.333333333272,0.0,1.0,0.0,0.0,0.0,1.0,0.024244190240667214,0.0,0.0372915108195397,0.0,132557.5179687381,0.0,0.028627274730871545,0.1,9.172376255670744e-05,184.0009994506836,0.06721976322824295,0.0,0.0,0.0,0.0,20240130.0,2024-01-31 04:20:57.928006273+00:00,997.624009,997.624009
17,g,2024020600136,2024-02-07 03:34:10.591493888,14.699121439472297,14.313231563466063,0.003622692874163,0.0032864514407039,14.686996467023992,14.343300402756912,0.0035612333218973,0.0029147771014036,r,2024020600137,2024-02-07 03:34:57.391000064,13.684492401159565,13.871053426219524,0.0027186839530256,0.0029234087634698,13.635672786399397,13.870656507592084,0.0019914657781703,0.0024151775249904,46.799506,1.0066555538300552,1.0065264226542503,1902.9317310722809,2980.7352307684914,1709.0788845237105,485.4268977996823,1902.4217938449128,2977.673575756926,1708.5962564282622,482.0842110503228,0.3858898760062335,0.004891284773207967,0.3436960642670801,0.004601989604927248,-0.18656102505995875,0.003992187525000664,-0.2349837211926875,0.0031303383879130687,1.0146290383127319,0.004529364866838427,1.051323680624595,0.004080235130309909,0.44217813724653965,0.0043985317857708804,0.4726438951648273,0.0037853676212602555,0.5724509010661922,0.006313654089937701,0.5786797854597676,0.005565727872138616,14.699121439472297,13.871053426219524,14.686996467023992,13.870656507592084,3053.0,2024-02-07 04:01:36.998502358+00:00,2024020600146.0,-64.0,2.0,1064.0,3.0,True,HD38666,0.0,holo4_003,0.042392184603987484,188.5483457612684,0.0,97.23577245500505,330.5631505799342,556.1649963745439,500.89484580386375,742.1641977388912,38.586308177745025,4.17890770886915,1.2520184024626086,18.22177899067521,0.0,1.20057034612669,3.1.0,2.0,,60.0,1.20057034612669,-32.3178838762234,39.62821136088141,15.8125,744.95,36.3499984741211,empty,82.918913316338,-416.8845173037378,21.164996374543918,744.0,1808.0,535.0,580.0,1064.0,45.0,2.0,11333.333333333334,1.0,1.0,0.0,0.82571343323177,0.0009776278867511222,0.0,0.0,1.0,0.0005857148293038915,0.013684880725922699,0.0015286074726177583,548.1570545652847,9.254448919151786,9.99920132769946,0.06692868863074744,1.0,0.0,1.0,0.0,188.71096324939657,0.005511682545803755,0.9274632672647489,0.01648969383137308,1.272269360364707,0.0017225322108689518,-0.05824630968828378,0.00011202653244014917,760.3126683040304,0.2933110650046859,949.6371367736485,0.0,531.5010398724737,0.0,-0.0011658092746577877,0.0,0.0,0.0,0.0,0.0,0.0,0.0,3.94182935344238,0.004153302634207566,-9.433270955867819,0.011576814466993565,6.764530963958527,0.010051434482679367,4.727073293521674,0.0045352420626175,-6.531579722185436,0.012333343029618532,1.408468883574726,0.008361093164210038,11333.333333333272,0.0,949.6371367736485,0.0,531.5010398724737,0.0,-0.0011658092746577877,0.0,0.0,0.0,0.0,0.0,0.0,0.0,6.226635518061755,0.023732291809557274,0.0,0.0,0.0,0.0,10.0,0.056200581416736145,0.0,0.0,0.0,0.0,11333.333333333272,0.0,949.6371367736485,0.0,531.5010398724737,0.0,-0.0011658092746577877,0.0,0.0,0.0,0.0,0.0,0.0,0.0,3.8199344544006744,0.0,0.0,0.0,0.0,0.0,4.849203856908003,0.0,0.0,0.0,0.0,0.0,11333.333333333272,0.0,1.0,0.0,0.0,0.0,0.0,0.029659271626343343,0.004443661983498035,0.1109555003858951,600.0,26668.422850858973,7.091275330594627,38.778822939323646,1.4195059216239727,1.7145818192095486,188.5779539112058,0.34799312471922367,1.2520184024626086,0.0,0.0,0.0,20240206.0,2024-02-07 04:01:36.998502358+00:00,1646.407008,1646.407008
18,g,2024020700366,2024-02-08 03:30:25.972491008,14.682194592050346,14.310893637466204,0.0040306658142958,0.0035762096465305,14.677906891255573,14.34145039649833,0.0039461683287817,0.0032462216506751,r,2024020700363,2024-02-08 03:27:24.581502976,13.649549011210054,13.856293549572996,0.0029802234189557,0.003239681224506,13.644358312025355,13.86662508659622,0.0020841499763975,0.0026544572169851,-181.390989,1.0066216591677948,1.00717616619874,2012.9150644270865,2985.058451431725,1819.0905133640415,489.8872142791255,2574.110799658983,2986.0381195056416,2379.5539504041863,490.2464839038749,0.37130095458414125,0.0053884638202803805,0.33645649475724326,0.005109814036184832,-0.20674453836294227,0.004401961615383385,-0.22226677457086552,0.003374881366940471,1.032645580840292,0.005012783511525789,1.0335485792302173,0.0044627262523257525,0.4546000878932084,0.004825433646042032,0.47482530990210847,0.004193339733686748,0.5780454929470835,0.006957931330918646,0.5587232693281088,0.006123726294121375,14.682194592050346,13.856293549572996,14.677906891255573,13.86662508659622,3076.0,2024-02-08 04:10:11.993493269+00:00,2024020700404.0,-64.0,2.0,1064.0,3.0,True,HD38666,0.0,holo4_003,0.15753771113312048,186.96169305556066,0.0,98.40231837245751,100.23875249525753,866.6785620766689,500.89484580386375,3.414876484938038,53.609300120618,6.773365160524436,0.909955011928352,27.555637644577722,0.0,1.24038822366783,3.1.0,2.0,,30.0,1.24038822366783,-32.3156533837278,42.7657931819728,14.0249996185303,743.9,66.2249984741211,empty,81.78080834326201,-416.7768594901012,19.678562076668868,515.0,1579.0,847.0,892.0,1064.0,45.0,2.0,22666.666666666668,1.0,1.0,0.0,0.949463476682646,0.0004309591195114162,0.0,0.0,0.8113113205594285,0.00012204733357442685,0.10748063586633688,0.0008402082160952972,314.0228943392177,2.0160118432275853,10.0,0.05240272550826845,1.0,0.0,1.0,0.0,187.2899682564372,0.004523370790512458,-0.644021459704111,0.010732045835757535,-0.9368476657598845,0.0017205470580152656,0.21676793775892034,0.00012378202439414926,537.9242984400498,0.31798605612770386,949.1913047883269,0.0,531.5086397257867,0.0,-0.008243433970067255,0.0,0.0,0.0,0.0,0.0,0.0,0.0,4.931809420646885,0.0027466348258464303,-1.1035123971418035,0.007876484266300254,1.227785266601908,0.014123729278953381,2.034717808467927,0.0008314372654188879,0.12012783845578573,0.003288471625996012,0.5303014939247149,0.00513869700443612,22666.66666666683,0.0,949.1913047883269,0.0,531.5086397257867,0.0,-0.008243433970067255,0.0,0.0,0.0,0.0,0.0,0.0,0.0,6.80668196384814,0.00764495903478212,0.0,0.0,0.0,0.0,2.120815246754924,0.002018956388839135,0.0,0.0,0.0,0.0,22666.66666666683,0.0,949.1913047883269,0.0,531.5086397257867,0.0,-0.008243433970067255,0.0,0.0,0.0,0.0,0.0,0.0,0.0,5.179706069985202,0.0,0.0,0.0,0.0,0.0,2.145488327061919,0.0,0.0,0.0,0.0,0.0,22666.66666666683,0.0,1.0,0.0,0.0,0.0,0.8097657328596675,0.0009905983165965446,0.2735687212448553,0.002984350732706099,600.0,11.187465788488476,7.740400469667318,0.0760380384992387,2.0501563872315676,0.08490985904065548,186.77875763808743,0.009433228057758543,0.909955011928352,0.0,0.0,0.0,20240207.0,2024-02-08 04:10:11.993493269+00:00,2386.021002,2386.021002
19,g,2024022000275,2024-02-21 01:31:11.210494976,14.7497852747719,14.338016167201936,0.0034118933695267,0.0029990174383085,14.686912772970182,14.348565106087094,0.0036862408687323,0.0031590057974053,r,2024022000276,2024-02-21 01:31:57.913996032,13.676266641544624,13.892688626236415,0.0025354859453848,0.0027040975456935,13.634820482959633,13.875362168481562,0.0020675556127935,0.0026588656803129,46.703501,1.0506005793543904,1.0497039504293175,3527.808883656846,3095.3957837127496,3332.873687651444,599.7062200327911,3528.0757958318645,3096.4885894015392,3333.1043181161376,600.5757955605226,0.411769107569965,0.004542589785606745,0.33834766688308804,0.004854656462650324,-0.21642198469179164,0.00370686289412887,-0.24054168552192934,0.0033681379006714803,1.0735186332272768,0.0042508476030392,1.052092290010549,0.004226482929612536,0.4453275409655202,0.004038099693160644,0.47320293760553156,0.004129029466349941,0.6281910922617566,0.005863101097215381,0.5788893524050174,0.005908641323374795,14.7497852747719,13.892688626236415,14.686912772970182,13.875362168481562,3211.0,2024-02-21 01:09:13.539999830+00:00,2024022000255.0,-64.0,2.0,1064.0,3.0,True,HD38666,0.0,holo4_003,0.23579359835919897,187.00569853610256,0.0,79.43383306485865,101.39585246444275,870.0505933800071,500.89484580386375,0.5915252213166637,220.149784816492,3.769321667972805,1.0152584600867967,311.44254529333125,0.0,1.01215708668792,3.1.0,2.0,,30.0,1.01215708668792,-32.3023169929669,10.217507509006115,14.0249996185303,744.95,37.0750007629395,empty,-78.65750288480598,-416.69886618403734,20.050593380007044,515.0,1579.0,850.0,895.0,1064.0,45.0,2.0,22666.666666666668,1.0,1.0,0.0,0.9800619719770375,0.0003686495840722166,0.0,0.0,0.06548735227018822,0.00015494847752457362,0.7173143018811617,0.014465828365251052,575.7924671905668,2.3784911548264565,3.9629259027087445,0.02619911275196511,1.0,0.0,1.0,0.0,187.1798673145852,0.002958306461175592,-0.5659685292763412,0.0040202189553504835,0.827837303338601,0.0008957919850051105,0.23414728077152086,6.381255927397891e-05,2045.5005402942643,0.7079001126046738,949.2066655810718,0.0,531.490843692546,0.0,0.008649677575377669,0.0,0.0,0.0,0.0,0.0,0.0,0.0,2.547935033908528,0.0009620182549389889,-0.8527175705636325,0.002355920653708572,-0.18341528550677394,0.004138033084812521,1.968708873727657,0.0004038971391814669,-0.041687549628755906,0.0014360696729446853,-0.13442822406165486,0.002100170708800908,22666.666666666544,0.0,949.2066655810718,0.0,531.490843692546,0.0,0.008649677575377669,0.0,0.0,0.0,0.0,0.0,0.0,0.0,1.9338430178463504,0.0014538295902993953,0.0,0.0,0.0,0.0,1.58514926258632,0.0005378821803746278,0.0,0.0,0.0,0.0,22666.666666666544,0.0,949.2066655810718,0.0,531.490843692546,0.0,0.008649677575377669,0.0,0.0,0.0,0.0,0.0,0.0,0.0,2.9987780230704466,0.0,0.0,0.0,0.0,0.0,2.1708645053707,0.0,0.0,0.0,0.0,0.0,22666.666666666544,0.0,1.0,0.0,0.0,0.0,0.09064587931710852,0.001113140884512933,1.4059381452625397,0.04065893060345973,600.0,13.289283519953418,4.5257050154472,0.060146398263513826,1.640936164906031,0.0919086654812338,186.8009983157718,0.010123321094777465,1.0152584600867967,0.0,0.0,0.0,20240220.0,2024-02-21 01:09:13.539999830+00:00,1317.670496,-1317.670496
20,g,2024022000283,2024-02-21 01:38:57.705504000,14.703234548770446,14.313238624102649,0.0038522089502858,0.0034731684149658,14.68323035252739,14.338455941771151,0.0039379289972419,0.0033717306983082,r,2024022000284,2024-02-21 01:39:44.370995968,13.680780531432353,13.866413198705978,0.0026889830913124,0.0028663450254849,13.631383430267936,13.863776759974032,0.0020772340579185,0.0026424832874315,46.665491,1.0422348627782771,1.0414342686281657,2420.6542211661654,3113.0568815288407,2226.591644181928,617.5460280471027,2420.8074309608323,3114.3528473188444,2226.428269011675,618.4035123399442,0.3899959246677973,0.0051867535738049165,0.34477441075623894,0.0051841925783319915,-0.18563266727362482,0.0039302116826560405,-0.2323933297060954,0.0033611931297875975,1.0224540173380934,0.004697887169997382,1.051846922259454,0.004452211373991037,0.44682542539667125,0.004503202487545733,0.47467918179711965,0.004283840079446092,0.5756285919414221,0.006507609123623214,0.5771677404623343,0.0061784684141754625,14.703234548770446,13.866413198705978,14.68323035252739,13.863776759974032,3211.0,2024-02-21 01:09:13.539999830+00:00,2024022000255.0,-64.0,2.0,1064.0,3.0,True,HD38666,0.0,holo4_003,0.23579359835919897,187.00569853610256,0.0,79.43383306485865,101.39585246444275,870.0505933800071,500.89484580386375,0.5915252213166637,220.149784816492,3.769321667972805,1.0152584600867967,311.44254529333125,0.0,1.01215708668792,3.1.0,2.0,,30.0,1.01215708668792,-32.3023169929669,10.217507509006115,14.0249996185303,744.95,37.0750007629395,empty,-78.65750288480598,-416.69886618403734,20.050593380007044,515.0,1579.0,850.0,895.0,1064.0,45.0,2.0,22666.666666666668,1.0,1.0,0.0,0.9800619719770375,0.0003686495840722166,0.0,0.0,0.06548735227018822,0.00015494847752457362,0.7173143018811617,0.014465828365251052,575.7924671905668,2.3784911548264565,3.9629259027087445,0.02619911275196511,1.0,0.0,1.0,0.0,187.1798673145852,0.002958306461175592,-0.5659685292763412,0.0040202189553504835,0.827837303338601,0.0008957919850051105,0.23414728077152086,6.381255927397891e-05,2045.5005402942643,0.7079001126046738,949.2066655810718,0.0,531.490843692546,0.0,0.008649677575377669,0.0,0.0,0.0,0.0,0.0,0.0,0.0,2.547935033908528,0.0009620182549389889,-0.8527175705636325,0.002355920653708572,-0.18341528550677394,0.004138033084812521,1.968708873727657,0.0004038971391814669,-0.041687549628755906,0.0014360696729446853,-0.13442822406165486,0.002100170708800908,22666.666666666544,0.0,949.2066655810718,0.0,531.490843692546,0.0,0.008649677575377669,0.0,0.0,0.0,0.0,0.0,0.0,0.0,1.9338430178463504,0.0014538295902993953,0.0,0.0,0.0,0.0,1.58514926258632,0.0005378821803746278,0.0,0.0,0.0,0.0,22666.666666666544,0.0,949.2066655810718,0.0,531.490843692546,0.0,0.008649677575377669,0.0,0.0,0.0,0.0,0.0,0.0,0.0,2.9987780230704466,0.0,0.0,0.0,0.0,0.0,2.1708645053707,0.0,0.0,0.0,0.0,0.0,22666.666666666544,0.0,1.0,0.0,0.0,0.0,0.09064587931710852,0.001113140884512933,1.4059381452625397,0.04065893060345973,600.0,13.289283519953418,4.5257050154472,0.060146398263513826,1.640936164906031,0.0919086654812338,186.8009983157718,0.010123321094777465,1.0152584600867967,0.0,0.0,0.0,20240220.0,2024-02-21 01:09:13.539999830+00:00,1784.165505,-1784.165505
21,g,2024030100033,2024-03-02 00:33:42.133491968,14.684897715577051,14.343490250310682,0.0035865452716562,0.0032224172553954,14.688614612692083,14.329731510538483,0.0035038889380464,0.0029984283419981,r,2024030100034,2024-03-02 00:34:28.910501888,13.665605517848762,13.90921230784732,0.002466502490459,0.0027062922338034,13.645926887547809,13.870635028415224,0.0019888970974729,0.0025114235252636,46.777009,1.074588208229852,1.0734461900789996,2631.019758387245,2814.0352939561208,2436.7462292666246,318.73250581817814,2630.650453511236,2813.735848823935,2436.1920988849147,317.7625979935104,0.34140746526636967,0.004821543316564673,0.35888310215359986,0.004611703612794452,-0.243606789998557,0.003661646103897132,-0.2247081408674152,0.0032035854581364885,1.019292197728289,0.004352808463633553,1.0426877251442743,0.0040290134468006,0.43427794246336227,0.0042080863373527184,0.45909648212325926,0.003911242851747374,0.5850142552649267,0.006054331684314505,0.5835912430210151,0.00561522662052432,14.684897715577051,13.90921230784732,14.688614612692083,13.870635028415224,3332.0,2024-03-02 00:27:37.332001643+00:00,2024030100029.0,-64.0,2.0,1064.0,3.0,True,HD38666,0.0,holo4_003,0.2209694551652046,186.88023690617638,0.0,78.53018167257747,104.66863026535292,867.4818319411993,500.89484580386375,2.352678046614923,54.318143810271565,7.140690628398844,1.1176507192185225,72.35726792765821,0.0,1.01088130399661,3.1.0,2.0,,30.0,1.01088130399661,-32.3015771945216,9.644878149873994,16.9375,744.95,33.0750007629395,empty,-77.66453935687298,-417.8569306595725,20.48183194119926,519.0,1583.0,847.0,892.0,1064.0,45.0,2.0,22666.666666666668,1.0,1.0,0.0,0.9860353132065557,0.00032192194418946806,0.0,0.0,0.08112598048005859,0.0001222107178784241,0.5715150041749042,0.00943705020700584,440.9041789929889,1.9832494699580099,6.199521451241273,0.034714667553092556,1.0,0.0,1.0,0.0,187.39258896093742,0.004445336150647851,-1.5448937346046552,0.012299458823156174,0.8751833679861102,0.001104661175955868,0.22516938524219043,7.616749978857982e-05,2082.0840225744614,1.1287237943335469,950.4670829030827,0.0,531.4912427980295,0.0,0.00822028225516517,0.0,0.0,0.0,0.0,0.0,0.0,0.0,5.554816155907209,0.0022571981596861235,-2.0680820391643033,0.007045953327439974,0.717048380757291,0.012426946066339185,2.273723680092211,0.0007189172249594013,-0.26178470797813186,0.0028529077038454203,0.11111028208507885,0.004546484431185333,22666.666666666544,0.0,950.4670829030827,0.0,531.4912427980295,0.0,0.00822028225516517,0.0,0.0,0.0,0.0,0.0,0.0,0.0,5.325346924630382,0.004297431847405389,0.0,0.0,0.0,0.0,2.0200706592861515,0.001339045355680355,0.0,0.0,0.0,0.0,22666.666666666544,0.0,950.4670829030827,0.0,531.4912427980295,0.0,0.00822028225516517,0.0,0.0,0.0,0.0,0.0,0.0,0.0,5.933082527573803,0.0,0.0,0.0,0.0,0.0,2.3900878819219593,0.0,0.0,0.0,0.0,0.0,22666.666666666544,0.0,1.0,0.0,0.0,0.0,0.08953197609153252,0.0011715318676193015,0.632412339589422,0.035117918567596475,495.3053553755815,13.437718327199962,6.281358247487246,0.08159100491484653,2.259721597721844,0.10763668079840412,186.8584506303664,0.011019871514961886,1.1176507192185225,0.0,0.0,0.0,20240301.0,2024-03-02 00:27:37.332001643+00:00,364.801491,-364.801491
22,g,2024031200309,2024-03-13 05:44:06.123492096,14.713636252494684,14.32810466401007,0.0033080571767466,0.0029356379051407,14.683530811539988,14.33674122538396,0.0036102908443514,0.0031720486352184,r,2024031200310,2024-03-13 05:44:52.785506048,13.687171542636245,13.85842041263798,0.0023251054399804,0.0025542837035768,13.641431460826322,13.869979665121852,0.0019972882995068,0.0025747176701669,46.662013,1.6560737626171496,1.661930893153862,3544.1158229777784,2943.883261124325,3350.420148225862,448.3006288066546,3538.5890463294445,2947.6933883523893,3344.19382631871,452.0230565950028,0.3855315884846142,0.004422805918726658,0.34678958615602795,0.004805839419393708,-0.17124887000173494,0.0034540527710769653,-0.2285482042955298,0.0032585781611642268,1.0264647098584394,0.0040434338861481504,1.0420993507136664,0.004125937533719374,0.46968425137209024,0.003891315349397539,0.4667615602621087,0.004085469816956256,0.5567804584863492,0.00561174596182935,0.5753377904515578,0.005806412330985019,14.713636252494684,13.85842041263798,14.683530811539988,13.869979665121852,3729.0,2024-03-13 05:59:59.302008565+00:00,2024031200322.0,-64.0,2.0,1064.0,3.0,True,HD111235,0.0,holo4_003,0.22279766328534015,187.07127221531485,0.0,-6.154436347520619,98.54921774510673,869.4681633670085,569.1941437210434,3.650165029391495,61.72187775577234,2.7466947541245545,0.17911809097315326,73.19017074294366,0.0,1.03351795534079,3.1.0,2.0,,60.0,1.03351795534079,-44.7118314647965,-1.784853701849434,17.6625003814697,744.35,9.77499961853027,empty,187.5585689349306,-417.6994152494673,18.468163367008458,514.0,1578.0,851.0,896.0,1064.0,45.0,2.0,11333.333333333334,1.0,1.0,0.0,1.032247711143972,0.0005879401922662256,0.0,0.0,0.07250731791523465,0.00022400231537684438,0.0,0.013898110749369589,64.89369057906622,2.9210732926624163,3.1605347206417185,0.025312006171572303,1.0,0.0,1.0,0.0,187.12112151180634,0.0037777712079670525,0.19168414170357415,0.0008556595907071426,-0.67409332203364,0.0007513604425722956,0.22475037192160013,4.444513367458707e-05,8.059941941092184,0.469286811286034,949.3814390821551,0.0,531.5000236711331,0.0,-7.871799735872173e-05,0.0,0.0,0.0,0.0,0.0,0.0,0.0,1.5782877203920316,0.0008313099781608044,0.5504986385973163,0.0032630289330426157,1.0049606400845892,0.0052255463121670745,1.8368858964264472,0.0004383897651239855,0.4875131141579972,0.00207289858667668,0.5979132003926642,0.0031001320472203004,11333.333333333416,0.0,949.3814390821551,0.0,531.5000236711331,0.0,-7.871799735872173e-05,0.0,0.0,0.0,0.0,0.0,0.0,0.0,1.6398369404151298,0.0027823174587791794,0.0,0.0,0.0,0.0,1.558536230178818,0.0008721188904659465,0.0,0.0,0.0,0.0,11333.333333333416,0.0,949.3814390821551,0.0,531.5000236711331,0.0,-7.871799735872173e-05,0.0,0.0,0.0,0.0,0.0,0.0,0.0,1.766147496179066,0.0,0.0,0.0,0.0,0.0,1.9532187392697495,0.0,0.0,0.0,0.0,0.0,11333.333333333416,0.0,1.0,0.0,0.0,0.0,0.06894542307609099,0.001284156378215339,0.8892768833007212,0.0657405392713705,457.162471284585,14.465447157471141,3.2491208232250166,0.08076643448702193,9.48838168755232,0.30865826727254503,187.0872706171465,0.042334096528778835,0.17911809097315326,0.0,0.0,0.0,20240312.0,2024-03-13 05:59:59.302008565+00:00,953.178516,953.178516
23,g,2024031300117,2024-03-14 03:59:31.179500032,14.69662168513934,14.33106336375578,0.0038109797199406,0.003476925377531,14.692352279687642,14.333359747224437,0.0037184919527503,0.0031940314968527,r,2024031300118,2024-03-14 04:00:17.753505024,13.675480464888732,13.885774203963724,0.0027354346787518,0.0029851194214801,13.648887400460811,13.876924939593149,0.0022024435862765,0.002826039348807,46.574004,1.1882146009531291,1.190308648614368,2624.8385141582885,2996.4715636970363,2431.346273537531,500.6226160401414,2621.090538298421,2999.3278882700583,2427.5948023714964,503.3306953424507,0.3655583213835598,0.005158737879241163,0.35899253246320484,0.004901940391881141,-0.2102937390749915,0.004048893780060877,-0.22803753913233749,0.0035829116862875626,1.0211412202506072,0.004691073364115775,1.0434648792268302,0.004321798254592552,0.44528915979205586,0.004582570025806127,0.45643480763128785,0.00426477849411814,0.5758520604585513,0.006557904951196934,0.5870300715955423,0.006071760515475872,14.69662168513934,13.885774203963724,14.692352279687642,13.876924939593149,3765.0,2024-03-14 03:47:44.726991754+00:00,2024031300109.0,-64.0,2.0,1065.0,3.0,True,HD111235,0.0,holo4_003,0.2281943299732042,187.10878326653005,0.0,-73.12965428668346,101.70740442154207,871.659865259394,569.1941437210434,0.8412740638632463,58.72577089010642,4.157990447265921,0.9617110700143514,23.471368322238625,0.0,1.15879243819864,3.1.0,2.0,,60.0,1.15879243819864,-44.7091625355755,-33.9363438738425,19.3999996185303,743.6,6.15000009536743,empty,253.874656246879,-416.33189522619386,18.65986525939398,515.0,1580.0,853.0,898.0,1065.0,45.0,2.0,11333.333333333334,1.0,1.0,0.0,1.0152127717365724,0.0004972605302436626,0.0,0.0,0.24027057742195387,0.00015423599551271723,0.0,0.002835253791202719,4.365555505573018,2.1460580782321554,4.268931120816707,0.026778579570887903,1.0,0.0,1.0,0.0,187.32969863377406,0.0038849686996952457,-0.08083164479898378,0.005680017778038545,-1.390546554632941,0.0012327975811689043,0.2360186980771498,7.898178263890446e-05,394.3077824781062,0.2813350240651571,949.3014384995282,0.0,532.005740108413,0.0,-0.005696524631127584,0.0,0.0,0.0,0.0,0.0,0.0,0.0,2.611415199381352,0.001233851607112505,-0.06509687812419791,0.00359604485242152,0.5270030201916392,0.006800196414702437,1.8492703232630405,0.00047210331935597193,-0.09910951441998463,0.0015295189615523214,-0.1156280174201149,0.0026586362016308715,11333.33333333332,0.0,949.3014384995282,0.0,532.005740108413,0.0,-0.005696524631127584,0.0,0.0,0.0,0.0,0.0,0.0,0.0,3.425783725727368,0.004607399189442632,0.0,0.0,0.0,0.0,2.042221419883993,0.002236806231225583,0.0,0.0,0.0,0.0,11333.33333333332,0.0,949.3014384995282,0.0,532.005740108413,0.0,-0.005696524631127584,0.0,0.0,0.0,0.0,0.0,0.0,0.0,2.7670887664105486,0.0,0.0,0.0,0.0,0.0,1.925105669256507,0.0,0.0,0.0,0.0,0.0,11333.33333333332,0.0,1.0,0.0,0.0,0.0,0.23059613789591168,0.0011409569477189969,0.0019781429865587076,0.013251654214436515,282.69642923975255,12.759611445613777,4.31421390762351,0.08518255772273396,6.781264152646372,0.21596208222748353,187.19640015656736,0.03335905034011304,0.9617110700143514,0.0,0.0,0.0,20240313.0,2024-03-14 03:47:44.726991754+00:00,706.452509,-706.452509
24,g,2024040400317,2024-04-05 02:39:13.404997120,14.717546698701906,14.329868174913925,0.0033958381647934,0.0030432317101999,14.677036998011438,14.33233959486062,0.0034223009964342,0.0030586667325202,r,2024040400318,2024-04-05 02:40:00.244492032,13.667017835103394,13.866043905617552,0.0026090567133994,0.0027884927391146,13.63860256096362,13.867504765490777,0.0019513370559556,0.0025341387847456,46.839494,1.20559805830734,1.2078391780958846,3035.337951331493,3002.97432141906,2841.482273212444,507.374366793655,3030.706707835493,3004.934645001032,2836.8310334693,508.9761004164993,0.3876785237879812,0.004559931587582605,0.34469740315081765,0.004589944040053246,-0.199026070514158,0.0038187522425301855,-0.2289022045271576,0.003198370786243736,1.0505288635985117,0.004282393463380249,1.038434437047819,0.003939525404936486,0.46382426929637255,0.00412758416002158,0.46483482936984366,0.003972065150646161,0.5867045943021392,0.005947759643198684,0.5735996076779752,0.005594386648875612,14.717546698701906,13.866043905617552,14.677036998011438,13.867504765490777,4441.0,2024-04-05 02:19:48.366000228+00:00,2024040400301.0,-64.0,2.0,1064.0,3.0,True,HD111235,0.0,holo4_003,0.22634246496401192,187.0486082114203,0.0,-73.50049095088173,102.14139602743575,874.116655467038,569.1941437210434,1.05910129728079,57.94829176738055,4.353562639268341,0.9278836440671852,24.30451584669009,0.0,1.16170826617822,3.1.0,2.0,,60.0,1.16170826617822,-44.7105795187698,-34.291211934043474,12.7749996185303,746.0,12.6499996185303,empty,254.0807650976495,-416.7913147701831,19.11665546703796,516.0,1580.0,855.0,900.0,1064.0,45.0,2.0,11333.333333333334,1.0,1.0,0.0,1.0455421814486514,0.00045878622716662127,0.0,0.0,0.06895522591801169,0.00013679549404436254,0.0,0.008710942253829485,11.013066978929606,1.892271970439929,4.400002919806956,0.023345148504093253,1.0,0.0,1.0,0.0,187.16211102274914,0.0035401196461650195,-0.06229274589244284,0.006276893381509907,-0.9017874083557617,0.0011964732368047106,0.23364820618282844,7.605638734587826e-05,436.2743287379047,0.26927386400792674,949.2245940407973,0.0,531.5069527124759,0.0,-0.006710579495866896,0.0,0.0,0.0,0.0,0.0,0.0,0.0,3.0157371027390716,0.0013329386599947595,-0.44476006840467536,0.003583939529890898,0.7214251712574459,0.0067062892088528645,1.953505288267696,0.0005135566425898716,0.11272434743998076,0.0019095132290573606,0.28276792083906954,0.0031446754315247547,11333.333333333272,0.0,949.2245940407973,0.0,531.5069527124759,0.0,-0.006710579495866896,0.0,0.0,0.0,0.0,0.0,0.0,0.0,3.390766886142536,0.003358388482835382,0.0,0.0,0.0,0.0,1.7980685334869069,0.0011396197085607681,0.0,0.0,0.0,0.0,11333.333333333272,0.0,949.2245940407973,0.0,531.5069527124759,0.0,-0.006710579495866896,0.0,0.0,0.0,0.0,0.0,0.0,0.0,3.1871051704141062,0.0,0.0,0.0,0.0,0.0,2.01917792451125,0.0,0.0,0.0,0.0,0.0,11333.333333333272,0.0,1.0,0.0,0.0,0.0,0.06498359692163977,0.0010875559419723081,0.0,0.040933759431050015,273.69114329630116,12.311271646086244,3.617041539920568,0.06753191028894816,3.531112765360162,0.1447499477713323,186.95958526568387,0.01788708663625415,0.9278836440671852,0.0,0.0,0.0,20240404.0,2024-04-05 02:19:48.366000228+00:00,1165.038997,-1165.038997
25,g,2024041000446,2024-04-11 02:46:44.595504896,14.683019051599375,14.333818083245689,0.0035455168793517,0.0032078831169138,14.672936926908315,14.343297395476046,0.0035443437842294,0.0031353973301776,r,2024041000447,2024-04-11 02:47:31.196506112,13.666180057376176,13.88695693301938,0.0025469699739916,0.0027880462944119,13.640369951046932,13.873583285368651,0.0020091802570837,0.0025827416508897,46.601001,1.3100230655732377,1.3130526714481232,3457.82348035341,2957.323660189953,3263.858033610807,461.686779865618,3451.515746479344,2960.2432175738527,3257.0690485457926,464.0585671860492,0.34920096835368675,0.004781339146468112,0.3296395314322691,0.004732133691992483,-0.22077687564320492,0.003776275703414503,-0.23321333432171976,0.003272210222570576,1.0168389942231997,0.004365517837574666,1.0325669758613838,0.004074208900665319,0.446861150226308,0.004250143083657835,0.46971411010739494,0.004062175630536582,0.5699778439968917,0.006092738482960443,0.5628528657539889,0.005753298968382035,14.683019051599375,13.88695693301938,14.672936926908315,13.873583285368651,4571.0,2024-04-11 01:55:01.378498137+00:00,2024041000394.0,-64.0,2.0,1065.0,3.0,True,HD38666,0.0,holo4_003,0.2514066759333005,186.99745137715735,0.0,108.61531636410696,102.99105376425652,862.2094386384617,500.89484580386375,9.5340464361763,111.67067126497342,6.2091409477964445,1.0534710653375208,62.47623780361276,0.0,1.9630146635666,3.1.0,2.0,,30.0,1.9630146635666,-32.3240189731629,70.97995537303001,11.3125,741.95,32.4500007629395,empty,71.516504983012,-416.27663156778743,15.209438638461776,516.0,1581.0,847.0,892.0,1065.0,45.0,2.0,22666.666666666668,1.0,1.0,0.0,0.9716257530318694,0.00027821802989585397,0.0,0.0,0.05523693872879433,5.575304599006645e-05,0.4888977448342424,0.004693785868773957,337.77655141018613,0.7897825030759207,5.728233963614245,0.01614380735571106,1.0,0.0,1.0,0.0,187.15972479546318,0.002598310038087696,-0.08321032416578704,0.008216220278350063,-3.644940766815493,0.0016812814635988845,0.23706840931220194,0.00012360786232160239,619.2249782268025,0.08370239502567817,949.3705703775956,0.0,532.0263649479388,0.0,-0.02703794550204383,0.0,0.0,0.0,0.0,0.0,0.0,0.0,5.428439537637263,0.0018506382234154566,-2.5698399579590228,0.004033658007402794,-0.19796784738579665,0.009020225937642049,2.3466394680910385,0.0006197839019082082,-0.5938332446206823,0.0014237222466962564,-0.37617052228839576,0.0029724615727763377,22666.666666666602,0.0,949.3705703775956,0.0,532.0263649479388,0.0,-0.02703794550204383,0.0,0.0,0.0,0.0,0.0,0.0,0.0,6.584579433768583,0.008819810514360182,0.0,0.0,0.0,0.0,2.571875234089736,0.0034315328282857336,0.0,0.0,0.0,0.0,22666.666666666602,0.0,949.3705703775956,0.0,532.0263649479388,0.0,-0.02703794550204383,0.0,0.0,0.0,0.0,0.0,0.0,0.0,5.9739894479192435,0.0,0.0,0.0,0.0,0.0,2.5270784587064647,0.0,0.0,0.0,0.0,0.0,22666.666666666602,0.0,1.0,0.0,0.0,0.0,0.06036784645740397,0.0006457314453923234,0.4570537272490612,0.0325468711994515,391.2518940296664,7.135944818807096,0.0,0.04073649712393958,3.9551720360272586,0.21684815958989126,187.2591010937884,0.04434919037669086,1.0534710653375208,0.0,0.0,0.0,20240410.0,2024-04-11 01:55:01.378498137+00:00,3103.217007,-3103.217007
26,g,2024041600414,2024-04-17 02:41:39.663495936,14.708117360337178,14.377810371614112,0.0035793880871201,0.0032223055336721,14.688516521465116,14.346860656271184,0.0036864518590274,0.0031892400457749,r,2024041600415,2024-04-17 02:42:26.397498880,13.681022161317934,13.927594807771746,0.0024851859769177,0.0026783383711498,13.64969341314,13.88189240446923,0.00202779957058,0.0025879699996858,46.734002,1.3890740213782302,1.3927288051636713,3447.687187574599,2916.971650860013,3253.9090092934466,421.5889075858354,3443.8989425540312,2918.662059054754,3249.911868576421,422.6432859680049,0.3303069887230663,0.004816147010894821,0.3416558651939319,0.004874544017495468,-0.24657264645381183,0.0036537167063473526,-0.2321989913292306,0.003287789503255668,1.0270951990192447,0.004357541556667667,1.0388231083251167,0.004207362405043213,0.4502155638423666,0.004190077491253258,0.4649682518019542,0.004107169437562566,0.5768796351768781,0.0060452392674560755,0.5738548565231625,0.005879688698920973,14.708117360337178,13.927594807771746,14.688516521465116,13.88189240446923,,,,,,,,,,,,,,,,,,,,,,,,,,,,,,,,,,,,,,,,,,,,,,,,,,,,,,,,,,,,,,,,,,,,,,,,,,,,,,,,,,,,,,,,,,,,,,,,,,,,,,,,,,,,,,,,,,,,,,,,,,,,,,,,,,,,,,,,,,,,,,,,,,,,,,,,,,,,,,,,,,,,,,,,,,,,,,,,,,
27,g,2024041600418,2024-04-17 02:45:34.437501952,14.699327430812277,14.333220551890706,0.0034226201875523,0.0030701396013869,14.694132743399033,14.358031160382634,0.0036830034664184,0.003312737414175,r,2024041600419,2024-04-17 02:46:21.279994880,13.665518813468564,13.871819130916824,0.0024457627849154,0.0026560172705025,13.63967594416306,13.872000840783253,0.0020280502775158,0.0026449642921455,46.842492,1.4073854643303978,1.4111936777109295,2889.693613878563,2925.301999293821,2696.222037487078,429.4676822944791,2885.216291975651,2924.6393952796475,2691.4376601784325,428.925833088494,0.36610687892157046,0.004597834938342682,0.3361015830163989,0.004953659627883694,-0.20630031744826027,0.003610565515440023,-0.2323248966201934,0.003332990254239676,1.0338086173437127,0.004206671433368391,1.0544567992359735,0.0042044622083902555,0.4614014209738819,0.004059579401023173,0.48603031959938114,0.004239111378815094,0.5724071963698307,0.0058460473365795915,0.5684264796365923,0.005970558411386784,14.699327430812277,13.871819130916824,14.694132743399033,13.872000840783253,,,,,,,,,,,,,,,,,,,,,,,,,,,,,,,,,,,,,,,,,,,,,,,,,,,,,,,,,,,,,,,,,,,,,,,,,,,,,,,,,,,,,,,,,,,,,,,,,,,,,,,,,,,,,,,,,,,,,,,,,,,,,,,,,,,,,,,,,,,,,,,,,,,,,,,,,,,,,,,,,,,,,,,,,,,,,,,,,,
28,g,2024041600426,2024-04-17 02:53:30.753008896,14.708783707864615,14.325664686515571,0.003802542281178,0.0034514040505996,14.71151693670343,14.36998258462632,0.0037825283636155,0.0030864752678652,r,2024041600427,2024-04-17 02:54:17.623493888,13.68884400171514,13.82283461773978,0.0025987438083202,0.0027828507720282,13.622791173586004,13.853882430175746,0.002035875123147,0.0024810138577654,46.870484,1.4468142632980676,1.4509413030742893,1773.6602095172057,2936.137646586976,1580.8975667987972,440.68751278300687,1770.676090147933,2937.3865127242493,1578.2001830241406,441.63888506933125,0.3831190213490441,0.005135320605438546,0.3415343520771117,0.004881992462171496,-0.13399061602464002,0.0038075881868527383,-0.2310912565897425,0.003209395157887661,1.0199397061494757,0.004605735248733796,1.0887257631174272,0.004295615012847935,0.5028300687757916,0.004433559330816864,0.516100154450573,0.00396002011883368,0.5171096373736841,0.006392905874584909,0.5726256086668542,0.005842436792997599,14.708783707864615,13.82283461773978,14.71151693670343,13.853882430175746,,,,,,,,,,,,,,,,,,,,,,,,,,,,,,,,,,,,,,,,,,,,,,,,,,,,,,,,,,,,,,,,,,,,,,,,,,,,,,,,,,,,,,,,,,,,,,,,,,,,,,,,,,,,,,,,,,,,,,,,,,,,,,,,,,,,,,,,,,,,,,,,,,,,,,,,,,,,,,,,,,,,,,,,,,,,,,,,,,
29,g,2024041700405,2024-04-18 02:32:12.082504960,14.724370793779505,14.314720021188446,0.0034027481471888,0.0030577312867088,14.695057121462714,14.36101829417522,0.0036575641336495,0.0032535283982923,r,2024041700406,2024-04-18 02:32:58.908005120,13.653719630899104,13.80086369126348,0.002414820412518,0.0026068775524345,13.62660404434761,13.85309502876055,0.0020128397088857,0.0026129588832193,46.8255,1.3636810464452105,1.3671426909399378,3032.822310736622,2927.0557733877363,2839.3039465417005,431.4241199228066,3026.8646188967946,2928.367586273513,2833.0227644489923,432.48503738883824,0.40965077259105875,0.004574758526404936,0.33403882728749323,0.004895224451468358,-0.14714406036437566,0.003553472695561413,-0.2264909844129388,0.003298344708950494,1.0706511628804005,0.00417253550948466,1.0684530771151035,0.0041748412048156144,0.5138563299249661,0.004018150220574729,0.5079232654146715,0.004172888827166273,0.5567948329554344,0.005792718167925586,0.560529811700432,0.005902736674570144,14.724370793779505,13.80086369126348,14.695057121462714,13.85309502876055,,,,,,,,,,,,,,,,,,,,,,,,,,,,,,,,,,,,,,,,,,,,,,,,,,,,,,,,,,,,,,,,,,,,,,,,,,,,,,,,,,,,,,,,,,,,,,,,,,,,,,,,,,,,,,,,,,,,,,,,,,,,,,,,,,,,,,,,,,,,,,,,,,,,,,,,,,,,,,,,,,,,,,,,,,,,,,,,,,
30,g,2024041700409,2024-04-18 02:36:06.737506048,14.691275116008434,14.287457132079377,0.0036164312533505,0.0032905384721013,14.679132001254969,14.336431326603588,0.0037064895672656,0.0031698681803998,r,2024041700410,2024-04-18 02:36:53.359492096,13.630979799412977,13.828660321701747,0.0025593667395757,0.002759141728701,13.624795559615269,13.855017292018353,0.0020222280182425,0.0025760187677562,46.621986,1.3809842224870348,1.3845660996448963,2474.500083308945,2933.4155060384724,2281.750102595738,437.1539015321403,2469.173787613937,2933.8801430050644,2275.7482567311317,437.8023065046632,0.40381798392905743,0.0048893985771860556,0.34270067465138077,0.004877102540787909,-0.19768052228877053,0.0037634055304611395,-0.2302217324030842,0.003274947152183858,1.0602953165954574,0.004430455181790763,1.0543364416397,0.004222259000820973,0.4587968103776294,0.004294241087251378,0.48141403458523513,0.00408459752888131,0.601498506217828,0.006170043730257875,0.572922407054465,0.005874641099076354,14.691275116008434,13.828660321701747,14.679132001254969,13.855017292018353,,,,,,,,,,,,,,,,,,,,,,,,,,,,,,,,,,,,,,,,,,,,,,,,,,,,,,,,,,,,,,,,,,,,,,,,,,,,,,,,,,,,,,,,,,,,,,,,,,,,,,,,,,,,,,,,,,,,,,,,,,,,,,,,,,,,,,,,,,,,,,,,,,,,,,,,,,,,,,,,,,,,,,,,,,,,,,,,,,
