,band1,exposure1,time1,psfMag11,psfMag12,psfMagErr11,psfMagErr12,apMag11,apMag12,apMagErr11,apMagErr12,band2,exposure2,time2,psfMag21,psfMag22,psfMagErr21,psfMagErr22,apMag21,apMag22,apMagErr21,apMagErr22,dt,airmassb1,airmassb2,x11,y11,x12,y12,x21,y21,x22,y22,deltapsfmag_s12b1,deltapsfmagErr_s12b1,deltaapmag_s12b1,deltaapmagErr_s12b1,deltapsfmag_s12b2,deltapsfmagErr_s12b2,deltaapmag_s12b2,deltaapmagErr_s12b2,psfcol12_s1,psfcol12Err_s1,apcol12_s1,apcol12Err_s1,psfcol12_s2,psfcol12Err_s2,apcol12_s2,apcol12Err_s2,psfcol12_s12,psfcol12Err_s12,apcol12_s12,apcol12Err_s12,psfmagmax_s12b1,psfmagmax_s12b2,apmagmax_s12b1,apmagmax_s12b2,index,DATE-OBS,id,BITPIX,NAXIS,NAXIS1,NAXIS2,EXTEND,TARGET,REDSHIFT,GRATING,ROTANGLE,D2CCD,LSHIFT,PARANGLE,TARGETX,TARGETY,LBDA_REF,PSF_REG,TRACE_R,MEANFWHM,PIXSHIFT,CHI2_FIT,A2_FIT,AM_FIT,VERSION,CCD_REBIN,CONFIG,EXPTIME,AIRMASS,DEC,HA,OUTTEMP,OUTPRESS,OUTHUM,FILTER,CAM_ROT,S_X0,S_Y0,S_XMIN,S_XMAX,S_YMIN,S_YMAX,S_NX,S_NY,S_DEG,S_SAT,S_ORDER,A1_x,A1_err_x,A2_x,A2_err_x,A3,A3_err,VAOD_x,VAOD_err_x,angstrom_exp_x,angstrom_exp_err_x,ozone [db]_x,ozone [db]_err_x,PWV [mm]_x,PWV [mm]_err_x,B_x,B_err_x,A_star,A_star_err,D_CCD [mm]_x,D_CCD [mm]_err_x,shift_x [pix],shift_x [pix]_err,shift_y [pix],shift_y [pix]_err,angle [deg],angle [deg]_err,x_c_0_1,x_c_0_1_err,x_c_1_1,x_c_1_1_err,x_c_2_1,x_c_2_1_err,y_c_0_1,y_c_0_1_err,y_c_1_1,y_c_1_1_err,y_c_2_1,y_c_2_1_err,gamma_0_1,gamma_0_1_err,gamma_1_1,gamma_1_1_err,gamma_2_1,gamma_2_1_err,alpha_0_1,alpha_0_1_err,alpha_1_1,alpha_1_1_err,alpha_2_1,alpha_2_1_err,saturation_0_1,saturation_0_1_err,x_c_0_2,x_c_0_2_err,x_c_1_2,x_c_1_2_err,x_c_2_2,x_c_2_2_err,y_c_0_2,y_c_0_2_err,y_c_1_2,y_c_1_2_err,y_c_2_2,y_c_2_2_err,gamma_0_2,gamma_0_2_err,gamma_1_2,gamma_1_2_err,gamma_2_2,gamma_2_2_err,alpha_0_2,alpha_0_2_err,alpha_1_2,alpha_1_2_err,alpha_2_2,alpha_2_2_err,saturation_0_2,saturation_0_2_err,x_c_0_3,x_c_0_3_err,x_c_1_3,x_c_1_3_err,x_c_2_3,x_c_2_3_err,y_c_0_3,y_c_0_3_err,y_c_1_3,y_c_1_3_err,y_c_2_3,y_c_2_3_err,gamma_0_3,gamma_0_3_err,gamma_1_3,gamma_1_3_err,gamma_2_3,gamma_2_3_err,alpha_0_3,alpha_0_3_err,alpha_1_3,alpha_1_3_err,alpha_2_3,alpha_2_3_err,saturation_0_3,saturation_0_3_err,A1_y,A1_err_y,A2_y,A2_err_y,VAOD_y,VAOD_err_y,angstrom_exp_y,angstrom_exp_err_y,ozone [db]_y,ozone [db]_err_y,PWV [mm]_y,PWV [mm]_err_y,reso [nm],reso [nm]_err,D_CCD [mm]_y,D_CCD [mm]_err_y,alpha_pix [pix],alpha_pix [pix]_err,B_y,B_err_y,Time,dt_abs_specphot,td_rel_specphot
0,z,2023112100552,2023-11-22 07:46:17.304496128,14.756212053205786,14.592971560584044,0.0050279705543704,0.0045080756811002,-12.566647139689868,-12.699300002100802,0.007415397789150357,0.006562560318633984,y,2023112100553,2023-11-22 07:47:05.436995072,14.788953048010608,14.599802841467955,0.0104783202201462,0.0089427009177617,-11.52388928670937,-11.658204629355408,0.018394276262242812,0.01625386198611197,48.132498,1.0329255054122328,1.0322198153201485,3084.4000870494,893.0404099828883,3788.356895835918,2941.5675152312174,3078.454672593266,894.7344376051311,3782.205358311432,2943.0238391665707,0.16324049262174256,0.006753016677170494,0.132652862410934,0.009902288740843977,0.1891502065426529,0.013775597785230978,0.13431534264603862,0.02454663782833171,-0.032740994804822066,0.011622206439895158,-1.0427578529804986,0.019832738680854074,-0.006831280883911717,0.010014721466474391,-1.041095372745394,0.017528697253341025,0.02590971392091035,0.015341783748397819,0.0016624802351046242,0.026468712680867774,14.756212053205786,14.788953048010608,-12.566647139689868,-11.52388928670937,,,,,,,,,,,,,,,,,,,,,,,,,,,,,,,,,,,,,,,,,,,,,,,,,,,,,,,,,,,,,,,,,,,,,,,,,,,,,,,,,,,,,,,,,,,,,,,,,,,,,,,,,,,,,,,,,,,,,,,,,,,,,,,,,,,,,,,,,,,,,,,,,,,,,,,,,,,,,,,,,,,,,,,,,,,,,,,
1,z,2023112700307,2023-11-28 06:52:10.557500928,14.718957870117308,14.555178002100504,0.0050423007295923,0.0044012140405185,-12.607295398404625,-12.717496513432012,0.0075105254904530225,0.006785625363332131,y,2023112700308,2023-11-28 06:52:59.095002112,14.726880480415902,14.568208846393931,0.0102595085730233,0.008384840140832,-11.570247706717042,-11.671703889485013,0.01834220103412715,0.016705865324224023,48.537501,1.0674366157990531,1.0663247045917843,2921.2573045203226,1286.7743204264057,3624.448878122205,3335.5148033396567,2912.201095390777,1286.2881938055732,3615.177123762772,3334.7430816541687,0.16377986801680322,0.006692942677037075,0.11020111502738672,0.010121892348481135,0.15867163402197093,0.013250021145162228,0.1014561827679703,0.024809721381092647,-0.007922610298594535,0.011431636488604142,-1.037047691687583,0.019820301004754688,-0.013030844293426824,0.009469753387378405,-1.0457926239469995,0.018031379531322802,0.00510823399483229,0.014844478502977139,0.008744932259416416,0.026795055135634384,14.718957870117308,14.726880480415902,-12.607295398404625,-11.570247706717042,,,,,,,,,,,,,,,,,,,,,,,,,,,,,,,,,,,,,,,,,,,,,,,,,,,,,,,,,,,,,,,,,,,,,,,,,,,,,,,,,,,,,,,,,,,,,,,,,,,,,,,,,,,,,,,,,,,,,,,,,,,,,,,,,,,,,,,,,,,,,,,,,,,,,,,,,,,,,,,,,,,,,,,,,,,,,,,
2,z,2023112700351,2023-11-28 07:30:17.650510080,14.765669659833494,14.553499356170136,0.0047299336658231,0.0042544516459592,-12.594664207056638,-12.727648089736094,0.007489126337461228,0.0066257890357450345,y,2023112700352,2023-11-28 07:31:05.873004032,14.694096387684452,14.512493887506944,0.0087238389353479,0.0074564281945563,-11.518543648443394,-11.735673561848238,0.01876287173753087,0.015361985271540623,48.222493,1.0266168546927212,1.0260010833922668,2924.9140999689,291.86180738184527,3628.642014479671,2340.351048771437,2916.93666622751,293.1394523160261,3620.581399524512,2341.1981700017363,0.21217030366335798,0.006361810378413655,0.13298388267945604,0.00999940466451151,0.18160250017750812,0.01147622268825706,0.21712991340484322,0.024249452515924266,0.07157327214904186,0.009923589988153417,-1.076120558613244,0.02020228623541133,0.04100546866319199,0.008584793546054504,-0.9919745278878569,0.016729963294318077,0.030567803485849865,0.013121597405855652,0.08414603072538718,0.02623021236983643,14.765669659833494,14.694096387684452,-12.594664207056638,-11.518543648443394,,,,,,,,,,,,,,,,,,,,,,,,,,,,,,,,,,,,,,,,,,,,,,,,,,,,,,,,,,,,,,,,,,,,,,,,,,,,,,,,,,,,,,,,,,,,,,,,,,,,,,,,,,,,,,,,,,,,,,,,,,,,,,,,,,,,,,,,,,,,,,,,,,,,,,,,,,,,,,,,,,,,,,,,,,,,,,,
3,z,2023112800569,2023-11-29 07:39:54.707991040,14.794449454139592,14.618177238104666,0.0049473873234813,0.0043550961698006,-12.563478032478404,-12.727741067579393,0.007612725180190368,0.006543874142010918,y,2023112800570,2023-11-29 07:40:42.293489920,14.780132989029545,14.548468409661442,0.0092602947825525,0.007636480868716,-11.485930176426344,-11.678873362745572,0.019256478769492925,0.016121282955459015,47.585498,1.017472402943148,1.0170201584768728,3069.6041658316017,325.5698787150595,3773.309877056625,2373.83206861491,3065.028518317646,326.5050906916906,3768.508046350407,2374.566144285992,0.17627221603492593,0.006591168635132568,0.16426303510098883,0.010038718715831398,0.23166457936810225,0.012002870469934871,0.19294318631922813,0.02511389533166659,0.01431646511004736,0.01049903332637403,-1.0775478560520604,0.02070665495122368,0.06970882844322368,0.00879105811074397,-1.048867704833821,0.0173987945822822,0.05539236333317632,0.013693516841731706,0.028680151218239303,0.02704595371188616,14.794449454139592,14.780132989029545,-12.563478032478404,-11.485930176426344,,,,,,,,,,,,,,,,,,,,,,,,,,,,,,,,,,,,,,,,,,,,,,,,,,,,,,,,,,,,,,,,,,,,,,,,,,,,,,,,,,,,,,,,,,,,,,,,,,,,,,,,,,,,,,,,,,,,,,,,,,,,,,,,,,,,,,,,,,,,,,,,,,,,,,,,,,,,,,,,,,,,,,,,,,,,,,,
4,z,2023112900541,2023-11-30 06:37:53.951993088,14.733453948252285,14.573156438805604,0.0052386090351328,0.0047251395214364,-12.587072616938684,-12.740690204976804,0.007447442417620687,0.006464874801853768,y,2023112900542,2023-11-30 06:38:42.471495936,14.71148853590905,14.499419785021558,0.0101188219251993,0.0085109843353747,-11.46818483864845,-11.683473971707487,0.01920292258658962,0.01574895267310875,48.519502,1.076864350894432,1.0756588853929316,2061.1090276874843,1877.794638144785,2763.88442696716,3926.462854680791,2053.710562815236,1878.1244840561749,2756.573132326127,3927.0456139672688,0.1602975094466803,0.007054783350324461,0.1536175880381201,0.009861998010921502,0.21206875088749122,0.013222231714460594,0.21528913305903785,0.024835091023919623,0.021965412343234902,0.011394453992046704,-1.118887778290235,0.020596519959214705,0.07373665378404581,0.009734669889320013,-1.0572162332693171,0.017024221465414005,0.05177124144081091,0.014986573311831586,0.06167154502091776,0.026721540953578867,14.733453948252285,14.71148853590905,-12.587072616938684,-11.46818483864845,,,,,,,,,,,,,,,,,,,,,,,,,,,,,,,,,,,,,,,,,,,,,,,,,,,,,,,,,,,,,,,,,,,,,,,,,,,,,,,,,,,,,,,,,,,,,,,,,,,,,,,,,,,,,,,,,,,,,,,,,,,,,,,,,,,,,,,,,,,,,,,,,,,,,,,,,,,,,,,,,,,,,,,,,,,,,,,
5,z,2023112900595,2023-11-30 07:24:53.671993088,14.75679321585276,14.605657805346937,0.0048257834522837,0.0043922074230837,-12.615208019293613,-12.736477148350149,0.0072579816253595004,0.006490949237815423,y,2023112900596,2023-11-30 07:25:42.129992960,14.802401173311823,14.594549495373206,0.0098879745706843,0.0082875749601021,-11.526190459150937,-11.692362757114864,0.01798801654619811,0.015435274565412103,48.457999,1.0248438410989107,1.0242532835183509,2077.8991150484644,392.1265784706857,2780.738561536696,2440.673519717052,2067.800712710785,394.1048015993504,2770.5754188689943,2442.56060646113,0.15113541050582313,0.006525310105713502,0.12126912905653597,0.009737079607456886,0.20785167793861703,0.012901780490684635,0.16617229796392685,0.023702667364158717,-0.04560795745906354,0.011002737252103885,-1.0890175601426755,0.019397088352130408,0.011108309973730357,0.009379519431543542,-1.0441143912352846,0.016744555022978495,0.0567162674327939,0.014458063902388086,0.04490316890739088,0.025624737256368258,14.75679321585276,14.802401173311823,-12.615208019293613,-11.526190459150937,,,,,,,,,,,,,,,,,,,,,,,,,,,,,,,,,,,,,,,,,,,,,,,,,,,,,,,,,,,,,,,,,,,,,,,,,,,,,,,,,,,,,,,,,,,,,,,,,,,,,,,,,,,,,,,,,,,,,,,,,,,,,,,,,,,,,,,,,,,,,,,,,,,,,,,,,,,,,,,,,,,,,,,,,,,,,,,
6,z,2023120400587,2023-12-05 07:16:21.180990976,14.728349934953172,14.546262259697375,0.0045571054142448,0.0041106383354395,-12.601543116951868,-12.72531285712395,0.007345115077608422,0.006553762639577888,y,2023120400588,2023-12-05 07:17:09.400504064,14.74471397223543,14.505370870759611,0.0089590787120736,0.0073790777669002,-11.511296445410839,-11.717971876882714,0.01880266197799051,0.015543512474330055,48.219513,1.0174729530282476,1.01701502130987,2948.3871076675664,490.9422182850854,3652.3174823816857,2539.0620044957177,2942.2142356835584,491.7918841570016,3645.9236141532447,2539.711215601227,0.18208767525579717,0.0061371456949728745,0.1237697401720812,0.00984390777279214,0.2393431014758196,0.011606717023305565,0.20667543147187573,0.02439550937156722,-0.016364037282258437,0.010051482533719572,-1.0902466715410295,0.02018640168434881,0.040891388937764006,0.008446782595446959,-1.007340980241235,0.016868686516014843,0.05725542622002244,0.013129373074919279,0.08290569129979453,0.026306717730219812,14.728349934953172,14.74471397223543,-12.601543116951868,-11.511296445410839,,,,,,,,,,,,,,,,,,,,,,,,,,,,,,,,,,,,,,,,,,,,,,,,,,,,,,,,,,,,,,,,,,,,,,,,,,,,,,,,,,,,,,,,,,,,,,,,,,,,,,,,,,,,,,,,,,,,,,,,,,,,,,,,,,,,,,,,,,,,,,,,,,,,,,,,,,,,,,,,,,,,,,,,,,,,,,,
7,z,2023120400591,2023-12-05 07:20:08.551995904,14.75083871861541,14.592894945258346,0.0046213226592985,0.004170264043605,-12.622597052043321,-12.737124359178335,0.0071123778365172665,0.006400352553673555,y,2023120400592,2023-12-05 07:20:56.460508928,14.74121807804382,14.56899725328442,0.0088066998524121,0.0076196718281147,-11.538261070459718,-11.705951592307535,0.017668142985800488,0.015139610305655315,47.908513,1.015428832214378,1.0150160370764425,2404.6975040590337,494.3389617084725,3108.018857485785,2542.6708080986814,2395.327696486951,495.9945375888914,3098.6917938624347,2544.099556938858,0.157943773357065,0.006224767089195425,0.11452730713501325,0.00956819895804313,0.1722208247593997,0.01164548672484925,0.16769052184781685,0.023267382250132813,0.0096206405715904,0.00994558120030303,-1.0843359815836031,0.01904597582315154,0.023897691973925106,0.008686224781891702,-1.0311727668707995,0.016436919207029648,0.014277051402334706,0.013204737270137963,0.05316321471280361,0.025157931315481667,14.75083871861541,14.74121807804382,-12.622597052043321,-11.538261070459718,,,,,,,,,,,,,,,,,,,,,,,,,,,,,,,,,,,,,,,,,,,,,,,,,,,,,,,,,,,,,,,,,,,,,,,,,,,,,,,,,,,,,,,,,,,,,,,,,,,,,,,,,,,,,,,,,,,,,,,,,,,,,,,,,,,,,,,,,,,,,,,,,,,,,,,,,,,,,,,,,,,,,,,,,,,,,,,
8,z,2023120400595,2023-12-05 07:23:56.250501120,14.75499132642794,14.562961670102526,0.004708876819207,0.0042913742230948,-12.612941900458313,-12.734063432951096,0.006830059525123799,0.006109080890163537,y,2023120400596,2023-12-05 07:24:44.167500032,14.770006601126305,14.523983809024,0.0089718677319314,0.0079518695513378,-11.463806442730796,-11.694512686589402,0.017848429372319865,0.014431700503027447,47.916998,1.0135778033870348,1.0132064911127605,1855.0089743486176,505.6852897152254,2557.974041321116,2554.1026226940176,1847.6885754350387,507.7905869544057,2550.8118536840743,2556.212961306945,0.19202965632541336,0.006370982155139624,0.12112153249278279,0.009163546389869789,0.2460227921023055,0.011988604587722673,0.23070624385860583,0.022953004388701997,-0.015015274698365388,0.010132518517019198,-1.1491354577275175,0.019110629088950077,0.03897786107852674,0.009035935042049368,-1.0395507463616944,0.015671466068356336,0.05399313577689213,0.013576304857429824,0.10958471136582304,0.02471459068864117,14.75499132642794,14.770006601126305,-12.612941900458313,-11.463806442730796,,,,,,,,,,,,,,,,,,,,,,,,,,,,,,,,,,,,,,,,,,,,,,,,,,,,,,,,,,,,,,,,,,,,,,,,,,,,,,,,,,,,,,,,,,,,,,,,,,,,,,,,,,,,,,,,,,,,,,,,,,,,,,,,,,,,,,,,,,,,,,,,,,,,,,,,,,,,,,,,,,,,,,,,,,,,,,,
9,z,2023120500519,2023-12-06 07:01:21.310993920,14.748938476616493,14.581745451777788,0.0045996020364907,0.0041372317642665,-12.60682567477512,-12.743906787155908,0.0073767347067558425,0.006501771763008216,y,2023120500520,2023-12-06 07:02:09.777006080,14.780508301414743,14.507994221410192,0.0089007529467683,0.0074646652828745,-11.384736429658439,-11.737870960367092,0.020981294389874703,0.015155786025884953,48.466012,1.0247484730411027,1.0241586686268358,2644.699317064716,276.1352052477564,3348.2182825792693,2324.492212051909,2639.26314734292,274.5567995403799,3342.8184593492483,2323.052495680133,0.16719302483870457,0.006186519664992999,0.13708111238078757,0.009833069255939733,0.2725140800045516,0.011616567083469902,0.35313453070865286,0.025882669188802714,-0.03156982479825032,0.010018969104328748,-1.2220892451166812,0.02224029966543715,0.07375123036759668,0.00853451313529996,-1.0060358267888159,0.01649153983473528,0.105321055165847,0.013161217890837516,0.2160534183278653,0.02768757510742146,14.748938476616493,14.780508301414743,-12.60682567477512,-11.384736429658439,,,,,,,,,,,,,,,,,,,,,,,,,,,,,,,,,,,,,,,,,,,,,,,,,,,,,,,,,,,,,,,,,,,,,,,,,,,,,,,,,,,,,,,,,,,,,,,,,,,,,,,,,,,,,,,,,,,,,,,,,,,,,,,,,,,,,,,,,,,,,,,,,,,,,,,,,,,,,,,,,,,,,,,,,,,,,,,
10,z,2023120500523,2023-12-06 07:05:10.501996032,14.75023070768939,14.619849457617226,0.0046207543974568,0.0042232052198619,-12.626671193547512,-12.73896848043078,0.007043206633599151,0.0063511374998050756,y,2023120500524,2023-12-06 07:05:58.444504064,14.81710035476452,14.620796687471367,0.0089065266203899,0.007657543918775,-11.561275624198244,-11.722743980113481,0.017122601709852876,0.014756467724482006,47.942508,1.022090973429506,1.0215513768836175,2090.353106162643,281.36117585807625,2793.3207463287176,2329.9313062370943,2082.734127822948,281.3619915784182,2785.7662488413903,2329.826918700722,0.13038125007216372,0.006259938780106811,0.11229728688326723,0.009483865626684372,0.19630366729315263,0.011745816076700756,0.1614683559152379,0.02260391180786936,-0.06686964707512999,0.010033822185056416,-1.0653955693492687,0.018514595566682838,-0.0009472298541410851,0.008744909444759093,-1.016224500317298,0.016065188677544667,0.0659224172209889,0.013309809496697054,0.04917106903197066,0.02451286470902455,14.75023070768939,14.81710035476452,-12.626671193547512,-11.561275624198244,,,,,,,,,,,,,,,,,,,,,,,,,,,,,,,,,,,,,,,,,,,,,,,,,,,,,,,,,,,,,,,,,,,,,,,,,,,,,,,,,,,,,,,,,,,,,,,,,,,,,,,,,,,,,,,,,,,,,,,,,,,,,,,,,,,,,,,,,,,,,,,,,,,,,,,,,,,,,,,,,,,,,,,,,,,,,,,
11,z,2023120600313,2023-12-07 07:24:52.409005056,14.722763895290209,14.565024731121328,0.0048391375646035,0.0043583800822153,-12.6062890500146,-12.745243268646362,0.007488485434334336,0.006588890679338719,y,2023120600314,2023-12-07 07:25:40.656998912,14.727845325247117,14.55764147185115,0.0088066430223047,0.0075561556131276,-11.495667738939828,-11.728923356170691,0.019497158201955026,0.015727839504042343,48.247993,1.009939573276917,1.0096648941340387,2652.9223627223423,616.0745833603233,3356.500453223057,2664.4044338561657,2642.1470483059416,616.4594572895477,3345.7412896586643,2664.883684724154,0.15773916416888056,0.006512505609226585,0.1389542186317616,0.009974512242937704,0.17020385339596622,0.011603984185274805,0.23325561723086352,0.025050032203910978,-0.005081429956907968,0.010048592622425528,-1.1106213110747731,0.020885798812884788,0.007383259270177689,0.008723013503993375,-1.0163199124756712,0.017052226125910702,0.012464689227085657,0.013306584020037432,0.09430139859910192,0.026962844951923956,14.722763895290209,14.727845325247117,-12.6062890500146,-11.495667738939828,,,,,,,,,,,,,,,,,,,,,,,,,,,,,,,,,,,,,,,,,,,,,,,,,,,,,,,,,,,,,,,,,,,,,,,,,,,,,,,,,,,,,,,,,,,,,,,,,,,,,,,,,,,,,,,,,,,,,,,,,,,,,,,,,,,,,,,,,,,,,,,,,,,,,,,,,,,,,,,,,,,,,,,,,,,,,,,
12,z,2023120600317,2023-12-07 07:28:40.619497984,14.73888527806584,14.58170966994282,0.0045998690405433,0.0041799991953331,-12.625469372434722,-12.7317868477271,0.007146503540558969,0.006479874923826677,y,2023120600318,2023-12-07 07:29:28.912500992,14.73169140594373,14.580716508761348,0.0089927385468614,0.0077573048045637,-11.552158901840496,-11.704195282059091,0.01767740741368132,0.015367528216085818,48.293003,1.008737859383606,1.0085040107118433,2105.2604735153072,626.5208879280117,2808.4509206466846,2674.873359402066,2096.9397046561207,628.2012901957474,2800.188716142246,2676.562239043446,0.1571756081230209,0.0062153993003775795,0.10631747529237856,0.009646828073706903,0.15097489718238144,0.011876242015179464,0.1520363802185951,0.023423314375670003,0.007193872122110534,0.01010089806712035,-1.073310470594226,0.01906733452070575,0.0009931611814710806,0.008811819965472084,-1.0275915656680095,0.01667782067599456,0.006200710940639453,0.013404339329718868,0.04571890492621655,0.02533205377037418,14.73888527806584,14.73169140594373,-12.625469372434722,-11.552158901840496,,,,,,,,,,,,,,,,,,,,,,,,,,,,,,,,,,,,,,,,,,,,,,,,,,,,,,,,,,,,,,,,,,,,,,,,,,,,,,,,,,,,,,,,,,,,,,,,,,,,,,,,,,,,,,,,,,,,,,,,,,,,,,,,,,,,,,,,,,,,,,,,,,,,,,,,,,,,,,,,,,,,,,,,,,,,,,,
13,z,2023121100591,2023-12-12 07:26:25.307995904,14.732872433793451,14.607120004307149,0.0046878454230352,0.0042042856929321,-12.615048601071031,-12.719931439556142,0.007342793146394619,0.006666657725657378,y,2023121100592,2023-12-12 07:27:13.338008064,14.70967905268086,14.48728753487343,0.0095933040344724,0.0079030051732425,-11.494945444902314,-11.707398713496868,0.019429609110373277,0.01597654091728356,48.030012,1.0056355231288256,1.0055923888936047,2840.3377762610444,693.2713238701444,3543.930279914985,2741.5443596416003,2828.6098842978868,689.3140317891556,3532.155774484913,2737.6940097100123,0.12575242948630283,0.006296976488606705,0.1048828384851106,0.009917708224272731,0.22239151780743072,0.01242935931840906,0.2124532685945546,0.025154712677022094,0.023193381112591283,0.010677423706498514,-1.1201031561687174,0.020770804543219792,0.11983246943371917,0.00895173217629366,-1.0125327260592734,0.01731167770358214,0.09663908832112789,0.013933444870676732,0.107570430109444,0.027039240120338866,14.732872433793451,14.70967905268086,-12.615048601071031,-11.494945444902314,,,,,,,,,,,,,,,,,,,,,,,,,,,,,,,,,,,,,,,,,,,,,,,,,,,,,,,,,,,,,,,,,,,,,,,,,,,,,,,,,,,,,,,,,,,,,,,,,,,,,,,,,,,,,,,,,,,,,,,,,,,,,,,,,,,,,,,,,,,,,,,,,,,,,,,,,,,,,,,,,,,,,,,,,,,,,,,
14,z,2023121100595,2023-12-12 07:30:16.780008960,14.73911690148212,14.624145900913884,0.0047355168715201,0.0043238611721213,-12.629437640558086,-12.721452201070578,0.0070714089476123475,0.006496809454764238,y,2023121100596,2023-12-12 07:31:05.130996992,14.722555485591204,14.556423782384185,0.0092203514597559,0.007993088312648,-11.545987895805684,-11.657581661055445,0.017739776791057774,0.016007025801117993,48.350988,1.0055077694449543,1.0055053783635657,2286.071182212213,687.4040573537653,2989.3564125604003,2735.8936392792007,2278.369633514106,682.2481947481692,2981.2798969438536,2730.393107618983,0.11497100056823584,0.006412557639213054,0.09201456051249224,0.009602778639325493,0.16613170320701975,0.01220263667471964,0.11159376524976139,0.023894027613489716,0.016561415890915754,0.010365326868067126,-1.0834497447524019,0.01909723815374684,0.06772211852969967,0.009087641949899227,-1.0638705400151327,0.017275225268840087,0.05116070263878392,0.013784964174470766,0.01957920473726915,0.025751464292154243,14.73911690148212,14.722555485591204,-12.629437640558086,-11.545987895805684,,,,,,,,,,,,,,,,,,,,,,,,,,,,,,,,,,,,,,,,,,,,,,,,,,,,,,,,,,,,,,,,,,,,,,,,,,,,,,,,,,,,,,,,,,,,,,,,,,,,,,,,,,,,,,,,,,,,,,,,,,,,,,,,,,,,,,,,,,,,,,,,,,,,,,,,,,,,,,,,,,,,,,,,,,,,,,,
15,z,2023121400312,2023-12-15 06:43:43.439005952,14.78143773884876,14.57787587657361,0.0045861200247626,0.0041471030568328,-12.574318353493595,-12.720974017613775,0.007484974406721839,0.006539251701471882,y,2023121400313,2023-12-15 06:44:31.777505024,14.777747418053004,14.525524576637396,0.0092505055448412,0.0076797225539389,-11.473487827694282,-11.658255398886975,0.0194859542837215,0.01643670084321244,48.338499,1.0139294759696609,1.0135467740842712,3093.185263391164,475.8194196945281,3797.305196475359,2524.039975929529,3084.493907945832,478.68684823947984,3788.11121105635,2526.859404814649,0.2035618622751496,0.006183119006255699,0.14665566412018016,0.009939147583393851,0.25222284141560714,0.012022894466001756,0.18476757119269394,0.025492499856949003,0.0036903207957568185,0.010324938242753141,-1.1008305257993136,0.020874080966992663,0.052351299936214346,0.008727920844592358,-1.0627186187267998,0.017689741304622388,0.04866097914045753,0.013519650586688107,0.03811190707251377,0.02736154607548756,14.78143773884876,14.777747418053004,-12.574318353493595,-11.473487827694282,,,,,,,,,,,,,,,,,,,,,,,,,,,,,,,,,,,,,,,,,,,,,,,,,,,,,,,,,,,,,,,,,,,,,,,,,,,,,,,,,,,,,,,,,,,,,,,,,,,,,,,,,,,,,,,,,,,,,,,,,,,,,,,,,,,,,,,,,,,,,,,,,,,,,,,,,,,,,,,,,,,,,,,,,,,,,,,
16,z,2023121500538,2023-12-16 06:36:38.751490048,14.73319922086395,14.536690365667807,0.005014667935241,0.0044516520269176,-12.546875695210709,-12.69095086080413,0.007912358738486565,0.006929085229187698,y,2023121500539,2023-12-16 06:37:26.964001024,14.755838627374189,14.592815030844909,0.011082359994706,0.0092634748439529,-11.437641216565325,-11.666540737002274,0.020466604624199657,0.016576238689351902,48.21251,1.0155639242862338,1.0151456676217567,2573.916763047353,771.9848711882788,3277.255008038359,2820.374637169717,2566.7824463391644,769.9174457356512,3270.112378998435,2818.353798478349,0.19650885519614292,0.0067055275906891774,0.1440751655934207,0.010517492235312172,0.1630235965292801,0.014444053075117392,0.22889952043694883,0.02633730422669863,-0.022639406510238658,0.012164111046557994,-1.1092344786453836,0.021942819455343824,-0.05612466517710146,0.010277605360846844,-1.0244101238018555,0.017966187998563133,0.033485258666862805,0.015924659164525373,0.08482435484352813,0.02835967624726223,14.73319922086395,14.755838627374189,-12.546875695210709,-11.437641216565325,,,,,,,,,,,,,,,,,,,,,,,,,,,,,,,,,,,,,,,,,,,,,,,,,,,,,,,,,,,,,,,,,,,,,,,,,,,,,,,,,,,,,,,,,,,,,,,,,,,,,,,,,,,,,,,,,,,,,,,,,,,,,,,,,,,,,,,,,,,,,,,,,,,,,,,,,,,,,,,,,,,,,,,,,,,,,,,
17,z,2023121500542,2023-12-16 06:40:27.190490112,14.742541596549856,14.574130286075007,0.0047718507882573,0.0044008217373032,-12.599967108181271,-12.706151721401518,0.007122070562176973,0.006458511345974241,y,2023121500539,2023-12-16 06:37:26.964001024,14.755838627374189,14.592815030844909,0.011082359994706,0.0092634748439529,-11.437641216565325,-11.666540737002274,0.020466604624199657,0.016576238689351902,-180.22649,1.0136947828703748,1.0151456676217567,2026.0980368267064,776.9700052037904,2729.0421810490534,2825.464133539702,2566.7824463391644,769.9174457356512,3270.112378998435,2818.353798478349,0.16841131047484836,0.006491362869915082,0.10618461322024686,0.009614377665699732,0.1630235965292801,0.014444053075117392,0.22889952043694883,0.02633730422669863,-0.013297030824332978,0.0120660375847936,-1.1623258916159465,0.021670389796585077,-0.01868474476990123,0.010255691012704534,-1.0396109843992445,0.017789998816538602,0.005387713945568251,0.01583567053034763,0.12271490721670197,0.028037293946249226,14.742541596549856,14.755838627374189,-12.599967108181271,-11.437641216565325,,,,,,,,,,,,,,,,,,,,,,,,,,,,,,,,,,,,,,,,,,,,,,,,,,,,,,,,,,,,,,,,,,,,,,,,,,,,,,,,,,,,,,,,,,,,,,,,,,,,,,,,,,,,,,,,,,,,,,,,,,,,,,,,,,,,,,,,,,,,,,,,,,,,,,,,,,,,,,,,,,,,,,,,,,,,,,,
18,z,2023122000203,2023-12-21 05:21:32.107505920,14.737264490000689,14.571537694866803,0.004829155693445,0.004369141950948,-12.569393898020158,-12.729474750722398,0.007595620641800579,0.006554369561288443,y,2023122000204,2023-12-21 05:22:20.769005056,14.698698042442452,14.45708635454416,0.0097746648732396,0.0080285932023509,-11.463290422815803,-11.684519679099004,0.020033933302604934,0.016340845395973698,48.661499,1.0677327143746724,1.0666152418484096,3036.1524549710207,1633.694706125077,3739.7493575729295,3681.965747341596,3027.275065983197,1634.7326289585976,3730.911313789491,3683.056441194169,0.16572679513388522,0.0065123072792264616,0.16008085270224015,0.010032607501546718,0.2416116878982919,0.012649204804768529,0.2212292562832019,0.025853079349051202,0.038566447558237016,0.010902514301557984,-1.106103475204355,0.021425497345624676,0.1144513403226437,0.009140443654241779,-1.0449550716233933,0.01760633376376409,0.07588489276440669,0.014227175696252758,0.06114840358096174,0.027731478956385096,14.737264490000689,14.698698042442452,-12.569393898020158,-11.463290422815803,,,,,,,,,,,,,,,,,,,,,,,,,,,,,,,,,,,,,,,,,,,,,,,,,,,,,,,,,,,,,,,,,,,,,,,,,,,,,,,,,,,,,,,,,,,,,,,,,,,,,,,,,,,,,,,,,,,,,,,,,,,,,,,,,,,,,,,,,,,,,,,,,,,,,,,,,,,,,,,,,,,,,,,,,,,,,,,
19,z,2023122000207,2023-12-21 05:25:28.023000064,14.739500594322616,14.627200539981231,0.0047944866035975,0.0043822038259807,-12.596281438574499,-12.753312874693139,0.007310544716703878,0.006326116179168097,y,2023122000208,2023-12-21 05:26:15.843503104,14.768714070811104,14.581786915970966,0.0095690373254349,0.0079651160772894,-11.502329843722507,-11.704074039418115,0.018640541410878897,0.015479639556720689,47.820503,1.0625094800121977,1.0614642290840215,2485.466637020608,1642.913301260472,3188.612904501986,3691.062773698364,2477.634259042577,1642.5103933379248,3180.8905398939005,3691.079036953904,0.11230005434138413,0.0064954454939223204,0.1570314361186398,0.009667668279748708,0.1869271548401379,0.012450283107634958,0.20174419569560875,0.024229920034880077,-0.029213476488488155,0.010702970481489809,-1.0939515948519922,0.020022833169799373,0.04541362401026561,0.00909102769202327,-1.0492388352750233,0.016722409716255736,0.07462710049875376,0.014042804621042626,0.04471275957696896,0.02608740759186206,14.739500594322616,14.768714070811104,-12.596281438574499,-11.502329843722507,,,,,,,,,,,,,,,,,,,,,,,,,,,,,,,,,,,,,,,,,,,,,,,,,,,,,,,,,,,,,,,,,,,,,,,,,,,,,,,,,,,,,,,,,,,,,,,,,,,,,,,,,,,,,,,,,,,,,,,,,,,,,,,,,,,,,,,,,,,,,,,,,,,,,,,,,,,,,,,,,,,,,,,,,,,,,,,
20,z,2023122000235,2023-12-21 05:52:40.873497088,14.791775303470924,14.57986785333979,0.0048513365461792,0.0042398894136732,-12.550215956777498,-12.712808256446081,0.0077094739029662865,0.0066372445993942986,y,2023122000236,2023-12-21 05:53:29.192008960,14.758280242958817,14.530241760969991,0.009732993802669,0.0077648123356947,-11.420844641839398,-11.636721359345657,0.02057967941042334,0.016868944837107675,48.318511,1.0325463880127477,1.0318430038511996,3037.764515279752,155.57452343977045,3741.593700961808,2204.016859227905,3029.0640305829743,156.04537526780842,3732.800544246001,2204.407596962134,0.2119074501311342,0.006442990650658435,0.16259229966858335,0.010172954523279213,0.22803848198882548,0.012450842500463563,0.2158767175062586,0.026609857281713934,0.0334950605121076,0.010875046420456653,-1.1293713149380995,0.021976332553370243,0.04962609236979887,0.008846975350295414,-1.0760868971004243,0.018127722300100763,0.01613103185769127,0.014019115788658774,0.053284417837675235,0.02848812925212695,14.791775303470924,14.758280242958817,-12.550215956777498,-11.420844641839398,,,,,,,,,,,,,,,,,,,,,,,,,,,,,,,,,,,,,,,,,,,,,,,,,,,,,,,,,,,,,,,,,,,,,,,,,,,,,,,,,,,,,,,,,,,,,,,,,,,,,,,,,,,,,,,,,,,,,,,,,,,,,,,,,,,,,,,,,,,,,,,,,,,,,,,,,,,,,,,,,,,,,,,,,,,,,,,
21,z,2023122100543,2023-12-22 05:50:11.994493952,14.72116015527602,14.613915240378454,0.0050615426846204,0.0045791858182552,-12.604830018678818,-12.731565538025617,0.007265397385867567,0.006464949928357215,y,2023122100544,2023-12-22 05:51:00.670491904,14.700158045323375,14.519980575655946,0.0101757820762419,0.0083982086178623,-11.522540327302213,-11.668003942833023,0.0183025200829608,0.016007571334848376,48.675997,1.031469421349071,1.0307774528609996,2074.1086509287948,1882.5252541855664,2777.111154089927,3930.939061624804,2064.7007648031617,1883.0912816715493,2767.830239073183,3931.733627129593,0.10724491489756716,0.006825551780357675,0.1267355193467985,0.009725305997794477,0.18017746966742898,0.013193803426317314,0.14546361553080978,0.024315110146315252,0.021002109952645398,0.011365111315398552,-1.0822896913766051,0.01969183182341741,0.09393466472250722,0.009565503162262096,-1.0635615951925939,0.017263774720970654,0.07293255476986182,0.014854783941836595,0.018728096184011278,0.02618790098839882,14.72116015527602,14.700158045323375,-12.604830018678818,-11.522540327302213,,,,,,,,,,,,,,,,,,,,,,,,,,,,,,,,,,,,,,,,,,,,,,,,,,,,,,,,,,,,,,,,,,,,,,,,,,,,,,,,,,,,,,,,,,,,,,,,,,,,,,,,,,,,,,,,,,,,,,,,,,,,,,,,,,,,,,,,,,,,,,,,,,,,,,,,,,,,,,,,,,,,,,,,,,,,,,,
22,z,2023122200491,2023-12-23 05:51:12.970006016,14.734182810381478,14.566616369593556,0.0046535204950532,0.0042183343807074,-12.590541226309867,-12.758301497571022,0.00752264671230889,0.006445647601330048,y,2023122200492,2023-12-23 05:52:00.752506112,14.697763517636488,14.550275872708394,0.0089476339140128,0.0074957776237334,-11.549314949421568,-11.7381847579539,0.018542312089474388,0.015581740349426023,47.7825,1.027304658879368,1.0266857355047017,2928.35732213044,1794.0998936523388,3632.0777960859496,3842.579939288671,2916.8363852920684,1795.7851477310417,3620.610451521598,3844.0470582851376,0.1675664407879225,0.006280891492880471,0.16776027126115522,0.009906391197542299,0.14748764492809485,0.011672481948739708,0.18886980853233126,0.024219991121806776,0.03641929274498956,0.010085405577222574,-1.041226276888299,0.020010186185582576,0.016340496885161926,0.008601222420791154,-1.020116739617123,0.0168622953751102,0.020078795859827636,0.01325505310396728,0.021109537271176038,0.02616762420433201,14.734182810381478,14.697763517636488,-12.590541226309867,-11.549314949421568,,,,,,,,,,,,,,,,,,,,,,,,,,,,,,,,,,,,,,,,,,,,,,,,,,,,,,,,,,,,,,,,,,,,,,,,,,,,,,,,,,,,,,,,,,,,,,,,,,,,,,,,,,,,,,,,,,,,,,,,,,,,,,,,,,,,,,,,,,,,,,,,,,,,,,,,,,,,,,,,,,,,,,,,,,,,,,,
23,z,2023122200495,2023-12-23 05:55:09.450003968,14.809415345463702,14.606629889617402,0.004855970599367,0.0044306650028833,-12.625629195705493,-12.76571136564969,0.007165158999492923,0.0062978594489037166,y,2023122200496,2023-12-23 05:55:57.485996032,14.703903911440603,14.576434682681608,0.008941186953047,0.0075079351409714,-11.515853198747596,-11.72214968426932,0.01841332815094488,0.01522697724550379,48.035992,1.0243801139467066,1.0238031814485202,2374.43786945161,1803.9158223457005,3077.817951097498,3852.203659107225,2364.8717501074843,1803.613523441408,3068.262604843417,3852.231243934485,0.2027854558462998,0.0065735259054552735,0.14008216994419698,0.009539524994786703,0.12746922875899536,0.011675354992905831,0.2062964855217242,0.023893754197058893,0.10551143402309826,0.010174737077254359,-1.1097759969578966,0.019758293374742508,0.030195206935793806,0.008717791145055501,-1.0435616813803694,0.01647798135917249,0.07531622708730445,0.01339869982647804,0.06621431557752722,0.025727689883773663,14.809415345463702,14.703903911440603,-12.625629195705493,-11.515853198747596,,,,,,,,,,,,,,,,,,,,,,,,,,,,,,,,,,,,,,,,,,,,,,,,,,,,,,,,,,,,,,,,,,,,,,,,,,,,,,,,,,,,,,,,,,,,,,,,,,,,,,,,,,,,,,,,,,,,,,,,,,,,,,,,,,,,,,,,,,,,,,,,,,,,,,,,,,,,,,,,,,,,,,,,,,,,,,,
24,z,2023122200529,2023-12-23 06:34:07.855990016,14.751718998098305,14.576897403010808,0.0046826169365931,0.0041823066163727,-12.596678585858196,-12.7339323209572,0.007373514216095601,0.006497900066075263,y,2023122200530,2023-12-23 06:34:56.432497920,14.791179905351832,14.605511393112725,0.0092782019847672,0.0078050407670493,-11.505116505707393,-11.709068687000926,0.01830577152158623,0.015170753960532041,48.576507,1.006712060203672,1.0065694007899162,2529.217265992744,288.28964821509334,3232.68655952504,2336.434923919924,2516.3222725244204,287.11462998994944,3219.8093452249377,2335.366749692145,0.17482159508749717,0.006278422573244286,0.1372537350990033,0.009828093261852211,0.18566851223910774,0.012124507967148174,0.20395218129353232,0.023775050930156093,-0.039460907253527466,0.010392878977694609,-1.091562080150803,0.01973499386611208,-0.028613990101916897,0.008854961886346909,-1.024863633956274,0.016503771720418926,0.010846917151610569,0.013653654582333,0.06669844619452903,0.025726337941789947,14.751718998098305,14.791179905351832,-12.596678585858196,-11.505116505707393,,,,,,,,,,,,,,,,,,,,,,,,,,,,,,,,,,,,,,,,,,,,,,,,,,,,,,,,,,,,,,,,,,,,,,,,,,,,,,,,,,,,,,,,,,,,,,,,,,,,,,,,,,,,,,,,,,,,,,,,,,,,,,,,,,,,,,,,,,,,,,,,,,,,,,,,,,,,,,,,,,,,,,,,,,,,,,,
25,z,2024022000321,2024-02-21 02:15:04.462508032,14.733848125880694,14.582863706546064,0.0052416887158268,0.0047563981008119,-12.486451804578413,-12.600822893318613,0.007893884431398187,0.007104644118947188,y,2024022000322,2024-02-21 02:15:52.842497024,14.738654216958718,14.46679921141626,0.0096824571546676,0.0084298810173496,-11.33894953245612,-11.486161134937806,0.02047501269841769,0.017878848272379712,48.379988,1.0146550832669974,1.0142555413963945,1961.484257598616,620.9708879645883,2664.446456406653,2669.257393889144,1954.656117264928,620.6634274456937,2657.8552581771637,2669.452645835816,0.15098441933463036,0.007078038110029718,0.11437108874019941,0.010620234435885187,0.27185500554245756,0.012837946507079897,0.1472116024816863,0.0271823354505668,-0.004806091078023655,0.011010235108552396,-1.1475022721222938,0.021944009579305153,0.11606449512980355,0.009679164057917303,-1.114661758380807,0.01923874173649789,0.1208705862078272,0.01465985995859708,0.03284051374148689,0.029183364097038266,14.733848125880694,14.738654216958718,-12.486451804578413,-11.33894953245612,,,,,,,,,,,,,,,,,,,,,,,,,,,,,,,,,,,,,,,,,,,,,,,,,,,,,,,,,,,,,,,,,,,,,,,,,,,,,,,,,,,,,,,,,,,,,,,,,,,,,,,,,,,,,,,,,,,,,,,,,,,,,,,,,,,,,,,,,,,,,,,,,,,,,,,,,,,,,,,,,,,,,,,,,,,,,,,
26,z,2024030100035,2024-03-02 00:35:15.717999104,14.731616297365386,14.588189182617308,0.0052050105816609,0.0045687586589166,-12.537255112053312,-12.714039954164935,0.007911191714859682,0.0067224560598641275,y,2024030100036,2024-03-02 00:36:04.100498944,14.711943568216746,14.609071552791836,0.0119883397819941,0.009159166385507,-11.417050276861788,-11.646127135168523,0.020988425577030543,0.016996093765344125,48.382499,1.0723146796182836,1.071157984035902,2715.855873327923,1811.955978980523,3419.0379463019653,3860.249779033812,2706.049877689259,1811.6842263406947,3409.355746940467,3860.273800857611,0.14342711474807857,0.006925726737218799,0.1767848421116227,0.010381636182513256,0.10287201542491076,0.015086769687575392,0.22907685830673508,0.02700705854925559,0.019672729148640045,0.013069522787146601,-1.1202048351915241,0.022429912227911512,-0.020882370174527765,0.010235423027937183,-1.0679128189964118,0.018277270549980195,0.04055509932316781,0.016600491271181433,0.05229201619511237,0.028933710120013778,14.731616297365386,14.711943568216746,-12.537255112053312,-11.417050276861788,2933.0,2024-03-02 00:27:37.332001643+00:00,2024030100029.0,-64.0,2.0,1136.0,3.0,True,HD38666,0.000364,holo4_003,0.15622194188133878,187.04751826921765,0.0,78.53018167257747,104.52529432507573,867.8557205398491,507.1250537007472,3.012138936131563,57.95614385179447,7.297307358076216,1.0859051113853317,74.31779265329685,0.0,1.01088130399661,3.1.0,2.0,,30.0,1.01088130399661,-32.3015771945216,9.644878149873994,16.9375,744.95,33.0750007629395,empty,-77.66453935687298,-417.8888145798981,20.85572053984913,519.0,1655.0,847.0,892.0,1136.0,45.0,2.0,22666.666666666668,1.0,0.7641891917543547,0.0002555616257725813,1.0,0.0,0.0,0.0,0.04676086868640101,0.0003437677683982855,2.999997447481573,0.019671101081531892,599.9995791325864,1.6029839075460064,4.313476559243048,0.02005043013508051,1.0,0.0,1.0,0.0,186.9071927994701,0.0029093918551580827,1.2022066093640285,0.007558766517456985,1.326107709177854,0.0,0.19056462771359498,0.0,986.4708890023899,0.0,567.4973284908258,0.0,0.002391673539891441,0.0,-0.617476313425873,0.0004072532887709787,-0.7233104215584277,0.0020580736028675624,1.1580762173094628,0.0026660297749347282,5.542805426579467,0.00169161481146426,-1.7363628697686129,0.00567648599170562,1.4059182984648013,0.008736666928553771,2.3053825862309987,0.0006089176948146163,-0.101246962198766,0.002486137974860873,0.34354477050612003,0.003414901865073669,22666.666666666748,0.0,986.4708890023899,0.0,567.4973284908258,0.0,0.002391673539891441,0.0,1.9987217900387448,0.02628537949601647,6.775570007052445,0.08470613372901087,7.704629090902232,0.06690007344587504,5.222211564842174,0.0031690210730619117,0.0,0.0,0.0,0.0,1.9704122014094236,0.0008467160680436997,0.0,0.0,0.0,0.0,22666.666666666748,0.0,986.4708890023899,0.0,567.4973284908258,0.0,0.002391673539891441,0.0,0.0,0.0,0.0,0.0,0.0,0.0,5.846911339556591,0.0,0.0,0.0,0.0,0.0,2.38778100747779,0.0,0.0,0.0,0.0,0.0,22666.666666666748,0.0,0.8015552740699842,0.006755947072122539,0.0,0.0,0.1,0.00940392000296493,1.8456650756441435,0.22904413263750614,600.0,18.31814799322707,4.637483080191579,0.05870292225223127,1.5953404535535818,0.05053126577745975,186.83488335991177,0.005936307137515305,1.0859051113853317,0.0,0.0,0.0,2024-03-02 00:27:37.332001643+00:00,458.385998,-458.385998
27,z,2024030100047,2024-03-02 00:47:05.360993024,14.783448435269202,14.599287498338686,0.0050585087320073,0.0045331255470259,-12.55735324862962,-12.676408631174576,0.0077351941160621355,0.006931848523782652,y,2024030100044,2024-03-02 00:43:57.784505088,14.841052796959044,14.57271990665884,0.0101466363104614,0.0082315902578057,-11.421260558463597,-11.624987223146395,0.020009798772201333,0.016586396969044074,-187.576488,1.0564037748036423,1.0602700643281222,2709.05320313035,328.0752712093683,3412.524464329035,2376.827976378918,3252.6470767312444,322.5678296073869,3956.2982643751807,2371.1408845845745,0.18416093693051572,0.0067924765599075105,0.11905538254495518,0.010386710353611966,0.26833289030020424,0.01306573023558865,0.20372666468279732,0.025990394597210417,-0.057604361689842065,0.01133766902888631,-1.1360926901660235,0.021452861695287935,0.02656759167984646,0.009397249884806756,-1.0514214080281814,0.017976626167648425,0.08417195336968852,0.01472586311243142,0.08467128213784214,0.027989004328281036,14.783448435269202,14.841052796959044,-12.55735324862962,-11.421260558463597,2933.0,2024-03-02 00:27:37.332001643+00:00,2024030100029.0,-64.0,2.0,1136.0,3.0,True,HD38666,0.000364,holo4_003,0.15622194188133878,187.04751826921765,0.0,78.53018167257747,104.52529432507573,867.8557205398491,507.1250537007472,3.012138936131563,57.95614385179447,7.297307358076216,1.0859051113853317,74.31779265329685,0.0,1.01088130399661,3.1.0,2.0,,30.0,1.01088130399661,-32.3015771945216,9.644878149873994,16.9375,744.95,33.0750007629395,empty,-77.66453935687298,-417.8888145798981,20.85572053984913,519.0,1655.0,847.0,892.0,1136.0,45.0,2.0,22666.666666666668,1.0,0.7641891917543547,0.0002555616257725813,1.0,0.0,0.0,0.0,0.04676086868640101,0.0003437677683982855,2.999997447481573,0.019671101081531892,599.9995791325864,1.6029839075460064,4.313476559243048,0.02005043013508051,1.0,0.0,1.0,0.0,186.9071927994701,0.0029093918551580827,1.2022066093640285,0.007558766517456985,1.326107709177854,0.0,0.19056462771359498,0.0,986.4708890023899,0.0,567.4973284908258,0.0,0.002391673539891441,0.0,-0.617476313425873,0.0004072532887709787,-0.7233104215584277,0.0020580736028675624,1.1580762173094628,0.0026660297749347282,5.542805426579467,0.00169161481146426,-1.7363628697686129,0.00567648599170562,1.4059182984648013,0.008736666928553771,2.3053825862309987,0.0006089176948146163,-0.101246962198766,0.002486137974860873,0.34354477050612003,0.003414901865073669,22666.666666666748,0.0,986.4708890023899,0.0,567.4973284908258,0.0,0.002391673539891441,0.0,1.9987217900387448,0.02628537949601647,6.775570007052445,0.08470613372901087,7.704629090902232,0.06690007344587504,5.222211564842174,0.0031690210730619117,0.0,0.0,0.0,0.0,1.9704122014094236,0.0008467160680436997,0.0,0.0,0.0,0.0,22666.666666666748,0.0,986.4708890023899,0.0,567.4973284908258,0.0,0.002391673539891441,0.0,0.0,0.0,0.0,0.0,0.0,0.0,5.846911339556591,0.0,0.0,0.0,0.0,0.0,2.38778100747779,0.0,0.0,0.0,0.0,0.0,22666.666666666748,0.0,0.8015552740699842,0.006755947072122539,0.0,0.0,0.1,0.00940392000296493,1.8456650756441435,0.22904413263750614,600.0,18.31814799322707,4.637483080191579,0.05870292225223127,1.5953404535535818,0.05053126577745975,186.83488335991177,0.005936307137515305,1.0859051113853317,0.0,0.0,0.0,2024-03-02 00:27:37.332001643+00:00,1168.028992,-1168.028992
28,z,2024030700264,2024-03-08 05:02:03.599994112,14.718290853320282,14.579929556364592,0.0050128990658573,0.0046254637875175,-12.533502686974531,-12.636289389338016,0.007466132183956313,0.006791739088075013,y,2024030700265,2024-03-08 05:02:52.594004992,14.777112953159657,14.521178115633653,0.0102385608148287,0.0088608829680275,-11.356182822248362,-11.5509048064685,0.020035844005155415,0.016746299265374312,48.99401,1.315623847298114,1.318855052189524,1887.210004529545,463.0281371523378,2589.2124288600744,2511.730432880689,1877.321925509091,464.0727871412505,2579.420676717792,2512.8978473350594,0.13836129695569,0.0068208556863570075,0.10278670236348475,0.010093109016987496,0.255934837526004,0.013540434798485077,0.19472198422013776,0.02611270924443495,-0.05882209983937514,0.011399880903036607,-1.1773198647261687,0.021381725252823506,0.05875144073093885,0.00999550710182908,-1.0853845828695157,0.018071144372340184,0.117573540570314,0.01516138010954591,0.091935281856653,0.027995435944331938,14.718290853320282,14.777112953159657,-12.533502686974531,-11.356182822248362,,,,,,,,,,,,,,,,,,,,,,,,,,,,,,,,,,,,,,,,,,,,,,,,,,,,,,,,,,,,,,,,,,,,,,,,,,,,,,,,,,,,,,,,,,,,,,,,,,,,,,,,,,,,,,,,,,,,,,,,,,,,,,,,,,,,,,,,,,,,,,,,,,,,,,,,,,,,,,,,,,,,,,,,,,,,,,,
29,z,2024030800485,2024-03-09 04:28:39.263493120,14.74161901759982,14.6238249904594,0.0052014630528429,0.0046972941992455,-12.585146137756064,-12.708465398607691,0.007143353664619827,0.006376383775525474,y,2024030800486,2024-03-09 04:29:27.069004032,14.794135494974064,14.592167475952404,0.0101056558056445,0.0087357624419328,-11.46136944248961,-11.643272427769102,0.018514119000518102,0.015658200749759755,47.80551,1.2146713917078629,1.217029146040145,2033.6542857481568,1858.0277182699797,2736.245864091677,3907.053663568968,2024.7369585427607,1857.226714258755,2727.046292374836,3906.5108147486,0.11779402714041964,0.007008551254314632,0.12331926085162692,0.009575268749785669,0.20196801902165973,0.013358062161258276,0.1819029852794909,0.02424771851298844,-0.05251647737424392,0.011365715866246445,-1.1237766952664536,0.019844397293522997,0.031657514506996165,0.009918574405434944,-1.0651929708385897,0.01690673004375954,0.08417399188124008,0.015085012939616437,0.05858372442786397,0.026069860465981483,14.74161901759982,14.794135494974064,-12.585146137756064,-11.46136944248961,,,,,,,,,,,,,,,,,,,,,,,,,,,,,,,,,,,,,,,,,,,,,,,,,,,,,,,,,,,,,,,,,,,,,,,,,,,,,,,,,,,,,,,,,,,,,,,,,,,,,,,,,,,,,,,,,,,,,,,,,,,,,,,,,,,,,,,,,,,,,,,,,,,,,,,,,,,,,,,,,,,,,,,,,,,,,,,
30,z,2024031300167,2024-03-14 04:42:33.858992896,14.74339594822295,14.589130125276474,0.0048048058024987,0.0042501330278024,-12.551445303948492,-12.664571681794579,0.007650208821394658,0.006893229512980619,y,2024031300168,2024-03-14 04:43:22.203510016,14.789036634138249,14.628085266984472,0.0099583113973515,0.0082366657348951,-11.44826533562239,-11.613262674301915,0.020150586895924017,0.017309669038701212,48.344517,1.3327472131904727,1.3360714744947817,3060.6628857394744,669.2699628526115,3763.853593255225,2718.2929986094787,3049.56038936357,669.0270275297489,3752.6350264365487,2717.883720345272,0.15426582294647595,0.006414810172853284,0.11312637784608626,0.010297684600412449,0.16095136715377656,0.012923259198631583,0.16499733867952493,0.02656446488223612,-0.04564068591529846,0.01105685871693882,-1.1031799683261028,0.021553928812658014,-0.038955141707997853,0.009268564785467696,-1.051309007492664,0.018631727116614778,0.006685544207300609,0.014427765518913794,0.05187096083343867,0.02849057919048203,14.74339594822295,14.789036634138249,-12.551445303948492,-11.44826533562239,,,,,,,,,,,,,,,,,,,,,,,,,,,,,,,,,,,,,,,,,,,,,,,,,,,,,,,,,,,,,,,,,,,,,,,,,,,,,,,,,,,,,,,,,,,,,,,,,,,,,,,,,,,,,,,,,,,,,,,,,,,,,,,,,,,,,,,,,,,,,,,,,,,,,,,,,,,,,,,,,,,,,,,,,,,,,,,
31,z,2024031300171,2024-03-14 04:46:29.336998912,14.732258345733047,14.604024728928898,0.0053708281641428,0.0048102406832328,-12.416737941900752,-12.538810876950564,0.008526939797172018,0.007620158814464117,y,2024031300172,2024-03-14 04:47:17.363507968,14.73683582462473,14.529238696809436,0.0105513080828604,0.0091122657827657,-11.488925860340169,-11.567608521945633,0.018951436564563592,0.01762662119803843,48.026509,1.348909314355074,1.3523413055323144,2504.403367620456,675.9539786350048,3206.7780906896123,2724.804955360044,2495.132607090253,677.7597901263962,3197.459115857666,2726.3962398576573,0.1282336168041489,0.007210007669855662,0.1220729350498111,0.01143571259967,0.20759712781529416,0.013941430699723676,0.07868266160546433,0.025881551783457957,-0.004577478891683029,0.0118395902559246,-0.9278120815605835,0.020781377484788487,0.07478603211946222,0.01030397026036035,-0.9712023550049302,0.019203244392987165,0.07936351101114525,0.01569546751627919,0.04339027344434676,0.028295410323620807,14.732258345733047,14.73683582462473,-12.416737941900752,-11.488925860340169,,,,,,,,,,,,,,,,,,,,,,,,,,,,,,,,,,,,,,,,,,,,,,,,,,,,,,,,,,,,,,,,,,,,,,,,,,,,,,,,,,,,,,,,,,,,,,,,,,,,,,,,,,,,,,,,,,,,,,,,,,,,,,,,,,,,,,,,,,,,,,,,,,,,,,,,,,,,,,,,,,,,,,,,,,,,,,,
32,z,2024032100195,2024-03-22 03:49:16.065501952,14.724920043734,14.576933346611163,0.004595745793904,0.0041233975575691,-12.569627544438486,-12.697392303793045,0.007824604383430125,0.006955950532638023,y,2024032100196,2024-03-22 03:50:04.088496128,14.733601726973864,14.58238287838076,0.0089683231993665,0.0077085748280447,-11.440310565660596,-11.603764020307278,0.020436951105424546,0.017580641744749805,48.022994,1.2517076842970192,1.2543694878260676,2696.594163157144,739.4778968850098,3399.5781323241954,2788.202846629499,2686.8165981147954,739.1806990371019,3389.6610524601183,2787.914836962482,0.14798669712283719,0.00617440578679059,0.12776475935455878,0.010469464244635497,0.1512188485931052,0.011825943805373834,0.1634534546466817,0.02695826282687282,-0.008681683239863958,0.010077286361440846,-1.12931697877789,0.02188363325050727,-0.00544953176959595,0.008742112633530363,-1.0936282834857671,0.018906723988299682,0.0032321514702680076,0.013340773354937593,0.03568869529212293,0.028919848136054485,14.724920043734,14.733601726973864,-12.569627544438486,-11.440310565660596,,,,,,,,,,,,,,,,,,,,,,,,,,,,,,,,,,,,,,,,,,,,,,,,,,,,,,,,,,,,,,,,,,,,,,,,,,,,,,,,,,,,,,,,,,,,,,,,,,,,,,,,,,,,,,,,,,,,,,,,,,,,,,,,,,,,,,,,,,,,,,,,,,,,,,,,,,,,,,,,,,,,,,,,,,,,,,,
33,z,2024032600715,2024-03-27 03:34:35.402008064,14.743821373282788,14.598180226163374,0.0050166504391321,0.0044965807186863,-12.55672168133463,-12.680786444159304,0.007752842143651578,0.0069156823357091265,y,2024032600716,2024-03-27 03:35:23.307002880,14.70113382114828,14.558569838842448,0.0105440929214559,0.0090987639897483,-11.445097143173044,-11.61733003216485,0.01932088119922821,0.01648670148586484,47.904994,1.2686078033900507,1.271395143038696,2544.203408772876,83.90069018448118,3246.9108433280485,2132.548323795948,2531.114543252658,81.33679953009448,3233.763582901809,2129.9426081421407,0.14564114711941478,0.006736914708388825,0.12406476282467516,0.010389091561480207,0.14256398230583223,0.013927146214405765,0.17223288899180567,0.025398971951610717,0.04268755213450781,0.011676672349806717,-1.1116245381615855,0.020818333545677234,0.039610387320925255,0.010149223827505324,-1.063456411994455,0.017878422415091806,0.0030771648135825558,0.015470986441256503,0.04816812616713051,0.02744159251340066,14.743821373282788,14.70113382114828,-12.55672168133463,-11.445097143173044,,,,,,,,,,,,,,,,,,,,,,,,,,,,,,,,,,,,,,,,,,,,,,,,,,,,,,,,,,,,,,,,,,,,,,,,,,,,,,,,,,,,,,,,,,,,,,,,,,,,,,,,,,,,,,,,,,,,,,,,,,,,,,,,,,,,,,,,,,,,,,,,,,,,,,,,,,,,,,,,,,,,,,,,,,,,,,,
34,z,2024032700366,2024-03-28 03:29:08.930004992,14.712475642081062,14.61377293058348,0.0047984534115566,0.0044139426449266,-12.568875609482806,-12.695089496710166,0.00719251963143153,0.006403176912407656,y,2024032700367,2024-03-28 03:29:57.480004096,14.753119301278382,14.613468824767802,0.0095064113332215,0.0084276752811259,-11.444973787252353,-11.601760183493964,0.018314365153108286,0.015851753505199656,48.549999,1.2630643919383042,1.2658463138885236,1878.8947091369785,710.2678570221594,2581.2148892975747,2759.0193619073434,1869.4640645837364,709.173756278473,2571.784155124494,2758.0029828711035,0.09870271149758203,0.0065198193851962495,0.12621388722735993,0.009629798192076426,0.13965047651057994,0.012704234218578572,0.1567863962416105,0.024221768311809867,-0.04064365919732005,0.010648803293294573,-1.1239018222304527,0.019676084712409506,0.00030410581567785755,0.009513600807097287,-1.093329313216202,0.01709616225242379,0.040947765012997905,0.014279552230237596,0.03057250901425057,0.026065821939296584,14.712475642081062,14.753119301278382,-12.568875609482806,-11.444973787252353,,,,,,,,,,,,,,,,,,,,,,,,,,,,,,,,,,,,,,,,,,,,,,,,,,,,,,,,,,,,,,,,,,,,,,,,,,,,,,,,,,,,,,,,,,,,,,,,,,,,,,,,,,,,,,,,,,,,,,,,,,,,,,,,,,,,,,,,,,,,,,,,,,,,,,,,,,,,,,,,,,,,,,,,,,,,,,,
35,z,2024040200478,2024-04-03 03:25:46.668998912,14.771604873948242,14.65183136350364,0.0047607352428169,0.0043173378841993,-12.578581821866063,-12.677449491268844,0.007397188714661319,0.006753355793293332,y,2024040200479,2024-04-03 03:26:34.521491968,15.066627730010085,15.33114270463636,0.0093703065094117,0.0081096516611715,-11.422683208708706,-11.56988669097057,0.01972109813239208,0.01722065639231377,47.852493,1.339955324018259,1.3433033670925552,2112.59914564231,390.4721806178512,2815.007125098948,2439.2129249619843,2102.3035521399934,389.6024113814429,2804.5764069511224,2438.587082895533,0.1197735104446025,0.006426819311178849,0.09886766940278058,0.010016297487151696,-0.26451497462627493,0.012392299792446314,0.14720348226186353,0.026181533914757086,-0.2950228560618431,0.010510339867602863,-1.1558986131573565,0.02106276602034384,-0.6793113411327205,0.009187265995489852,-1.1075628002982736,0.01849753553998331,0.38428848507087743,0.013959695577067801,0.04833581285908295,0.028032105405778867,14.771604873948242,15.33114270463636,-12.578581821866063,-11.422683208708706,,,,,,,,,,,,,,,,,,,,,,,,,,,,,,,,,,,,,,,,,,,,,,,,,,,,,,,,,,,,,,,,,,,,,,,,,,,,,,,,,,,,,,,,,,,,,,,,,,,,,,,,,,,,,,,,,,,,,,,,,,,,,,,,,,,,,,,,,,,,,,,,,,,,,,,,,,,,,,,,,,,,,,,,,,,,,,,
36,z,2024040300439,2024-04-04 02:47:51.615994112,14.740436259443994,14.588532686374716,0.0047945401844387,0.0042911940274749,-12.560206933463254,-12.738433844249679,0.0076207138171015395,0.006467030190954744,y,2024040300440,2024-04-04 02:48:39.399499008,14.786369754484545,14.699662976543078,0.0097573268843411,0.0082860171271643,-11.449287762470155,-11.665246414531632,0.019649497806525994,0.016105269424566797,47.783504,1.219159674387981,1.221551288327594,2550.0718970668927,1800.8003548188449,3252.561317270909,3849.636857824597,2539.8047432448093,1800.120533906022,3242.4819964454477,3849.06566152733,0.15190357306927815,0.0064344356210652804,0.1782269107864245,0.009994886621312043,0.0867067779414672,0.01280091823892121,0.21595865206147735,0.02540634698823418,-0.045933495040550554,0.010871662407749933,-1.1109191709930997,0.02107553185878905,-0.11113029016836151,0.009331260687232801,-1.0731874297180468,0.017355177404123713,0.06519679512781096,0.014327088661733739,0.037731741275052855,0.02730165243825799,14.740436259443994,14.786369754484545,-12.560206933463254,-11.449287762470155,,,,,,,,,,,,,,,,,,,,,,,,,,,,,,,,,,,,,,,,,,,,,,,,,,,,,,,,,,,,,,,,,,,,,,,,,,,,,,,,,,,,,,,,,,,,,,,,,,,,,,,,,,,,,,,,,,,,,,,,,,,,,,,,,,,,,,,,,,,,,,,,,,,,,,,,,,,,,,,,,,,,,,,,,,,,,,,
37,z,2024040300447,2024-04-04 02:57:52.284499968,14.747304200036098,14.594369666642146,0.004750562619256,0.0043151460374601,-12.559183427381416,-12.738729582566412,0.007112301189367065,0.006028255868943853,y,2024040300448,2024-04-04 02:58:41.247497984,14.763330002977524,14.550749182045738,0.009618643843804,0.0083624470928384,-11.41523297284637,-11.620964935616469,0.018861946286942613,0.015606076040203627,48.962998,1.2504408104832754,1.253144325693355,1984.867119308438,1807.0037841418075,2687.3243330535274,3855.889651337591,1975.987518777452,1805.747125020371,2678.224013861405,3854.8963227275126,0.15293453339395136,0.006417813531420185,0.17954615518499573,0.009323341516308849,0.21258082093178565,0.012745541603810723,0.20573196277009842,0.02448106670682726,-0.016025802941426193,0.0107278215213258,-1.1439504545350463,0.020158319521720564,0.043620484596408104,0.009410154446401453,-1.1177646469499436,0.01672989773411881,0.0596462875378343,0.01427014930890879,0.026185807585102694,0.026196322721593085,14.747304200036098,14.763330002977524,-12.559183427381416,-11.41523297284637,,,,,,,,,,,,,,,,,,,,,,,,,,,,,,,,,,,,,,,,,,,,,,,,,,,,,,,,,,,,,,,,,,,,,,,,,,,,,,,,,,,,,,,,,,,,,,,,,,,,,,,,,,,,,,,,,,,,,,,,,,,,,,,,,,,,,,,,,,,,,,,,,,,,,,,,,,,,,,,,,,,,,,,,,,,,,,,
38,z,2024040900496,2024-04-10 03:08:32.274996992,14.742074062303535,14.591246827002282,0.0049300485600499,0.0044849107300729,-12.559452495999945,-12.707800723605324,0.007533271887451098,0.0065711949391342814,y,2024040900497,2024-04-10 03:09:20.403495936,14.801774851885147,14.629380033378734,0.0105455743711479,0.0090500609978935,-11.348568220981521,-11.570485609358585,0.02131723335719353,0.017376563191317498,48.128498,1.3850764472982675,1.3888060713134427,1883.881044164971,1549.2720688164816,2586.1057162289326,3598.260734472266,1874.1262475032984,1545.534777426907,2576.174677742221,3594.6572616011,0.15082723530125364,0.0066648183066887225,0.14834822760537847,0.0099965388139278,0.17239481850641347,0.013896501102184123,0.22191738837706332,0.027502170575190873,-0.05970078958161196,0.01164107029537497,-1.210884275018424,0.02260917122176984,-0.03813320637645212,0.010100397433879329,-1.1373151142467393,0.018577555040154077,0.021567583205159835,0.015412090901113243,0.07356916077168485,0.029262607105404324,14.742074062303535,14.801774851885147,-12.559452495999945,-11.348568220981521,,,,,,,,,,,,,,,,,,,,,,,,,,,,,,,,,,,,,,,,,,,,,,,,,,,,,,,,,,,,,,,,,,,,,,,,,,,,,,,,,,,,,,,,,,,,,,,,,,,,,,,,,,,,,,,,,,,,,,,,,,,,,,,,,,,,,,,,,,,,,,,,,,,,,,,,,,,,,,,,,,,,,,,,,,,,,,,
39,z,2024040900524,2024-04-10 03:36:31.170502912,14.790853133894323,14.606742230677758,0.0048411935029613,0.0043399664879931,-12.582509299095157,-12.689825425204601,0.007709128006226491,0.006983591159472449,y,2024040900525,2024-04-10 03:37:19.311991040,14.796162003931588,14.599257529101434,0.009974166966561,0.0087217510625695,-11.438014340675116,-11.566666575144875,0.020270159366346293,0.018005130331498895,48.141488,1.5359909179189366,1.5409772491275566,2400.2807660304725,49.64896934867144,3102.561306690935,2098.2491516717864,2388.921615364441,50.50627533393845,3091.1443355916163,2098.9317444787357,0.1841109032165651,0.006501727743455417,0.10731612610944374,0.010401980585400426,0.19690447483015383,0.01324963955261685,0.12865223446975982,0.027112065192296544,-0.005308870037264768,0.011086981609525261,-1.144494958420042,0.021686632180987944,0.007484701576323971,0.009741881271825036,-1.1231588500597258,0.01931204970314967,0.012793571613588739,0.014758909577752916,0.021336108360316075,0.02903903027117788,14.790853133894323,14.796162003931588,-12.582509299095157,-11.438014340675116,3316.0,2024-04-10 04:05:43.900503754+00:00,2024040900556.0,-64.0,2.0,1136.0,3.0,True,HD185975,-6.5e-05,holo4_003,0.11845706338829487,187.10772189702217,0.0,-118.95919702847722,101.68627420592135,881.7143176404311,619.6434547793207,41.987981772694596,60.754683299210754,5.648240069751232,1.0269781963446643,8.338516353828991,0.0,2.05960923194279,3.1.0,2.0,,60.0,2.05960923194279,-87.4653728054149,-117.68925296370251,13.4750003814697,742.55,30.7999992370605,empty,-60.526983677845976,-417.78451971661906,19.714317640431133,516.0,1652.0,862.0,907.0,1136.0,45.0,2.0,11333.333333333334,1.0,0.4639676584595222,0.00017096336544642716,1.0,0.0,0.0,0.0,0.0,0.00022747791061153983,1.9485863537893486,0.0,280.67832342898487,1.3197168530104928,4.220167521218851,0.01384899796198938,1.0,0.0,1.0,0.0,187.01030109618353,0.0035207748496366856,0.7448086522595548,0.017601350600066852,-0.1753950567302406,0.0,0.12468774694254638,0.0,986.3155862744968,0.0,567.5186556931894,0.0,-0.018369292147403526,0.0,-0.1574113539875364,0.0002430701197813094,-0.050645658420108805,0.0005605581003272659,1.0218249165298874,0.0014207063823191562,5.301576155313441,0.001922207007094304,-2.525946586378993,0.003972972471482838,-0.2857563024446204,0.010192830190723748,2.9201584717851063,0.001077687823007893,-0.805336551323849,0.0021000396566155446,-0.669769962946764,0.005320316412044382,11333.333333333369,0.0,986.3155862744968,0.0,567.5186556931894,0.0,-0.018369292147403526,0.0,0.9669543418248591,0.05153858623251169,-3.121776305216133,0.16993865192246208,-4.076049259426736,0.13854741493834277,4.931699416954128,0.010094691560097244,0.0,0.0,0.0,0.0,2.462499190720244,0.004778530196681855,0.0,0.0,0.0,0.0,11333.333333333369,0.0,986.3155862744968,0.0,567.5186556931894,0.0,-0.018369292147403526,0.0,0.0,0.0,0.0,0.0,0.0,0.0,5.357796186471907,0.0,0.0,0.0,0.0,0.0,2.95214071286899,0.0,0.0,0.0,0.0,0.0,11333.333333333369,0.0,0.4680826058909901,0.00047063692988114515,0.0,0.0,0.0034855382509501134,0.0005749033518652044,3.0,0.0,313.24510725881436,5.636912328719735,4.587020842173018,0.040225478892034885,2.8305871046082283,0.03841567059366902,186.82977707908557,0.005805173417112731,1.0269781963446643,0.0,0.0,0.0,2024-04-10 04:05:43.900503754+00:00,1752.73,1752.73
40,z,2024040900528,2024-04-10 03:40:32.221007104,14.685486863329896,14.530883580435653,0.0047610772615571,0.004407078421198,-12.570573229285094,-12.7042354903192,0.007460122672780968,0.006596006342416036,y,2024040900529,2024-04-10 03:41:20.855493888,14.798447378654425,14.579751452814616,0.0097744169321278,0.008810592277588,-11.325516151226386,-11.536808522001502,0.021375531030771375,0.017595433229449474,48.634486,1.5609627805038693,1.5662192786660392,1839.806279385691,57.15226870794962,2541.612123809611,2106.157924015016,1830.2533926342105,57.61256377719935,2532.2932630647133,2106.66962696138,0.15460328289424297,0.0064876958083055275,0.1336622610341056,0.009957948079907488,0.21869592583980868,0.013159246279516161,0.21129237077511576,0.027685963905551215,-0.112960515324529,0.010872308083088093,-1.2450570780587071,0.022639937215911413,-0.048867872378963284,0.009851338817261458,-1.167426968317697,0.018791130093775824,0.06409264294556571,0.014671603850501999,0.07763010974101014,0.029422327021186103,14.685486863329896,14.798447378654425,-12.570573229285094,-11.325516151226386,3316.0,2024-04-10 04:05:43.900503754+00:00,2024040900556.0,-64.0,2.0,1136.0,3.0,True,HD185975,-6.5e-05,holo4_003,0.11845706338829487,187.10772189702217,0.0,-118.95919702847722,101.68627420592135,881.7143176404311,619.6434547793207,41.987981772694596,60.754683299210754,5.648240069751232,1.0269781963446643,8.338516353828991,0.0,2.05960923194279,3.1.0,2.0,,60.0,2.05960923194279,-87.4653728054149,-117.68925296370251,13.4750003814697,742.55,30.7999992370605,empty,-60.526983677845976,-417.78451971661906,19.714317640431133,516.0,1652.0,862.0,907.0,1136.0,45.0,2.0,11333.333333333334,1.0,0.4639676584595222,0.00017096336544642716,1.0,0.0,0.0,0.0,0.0,0.00022747791061153983,1.9485863537893486,0.0,280.67832342898487,1.3197168530104928,4.220167521218851,0.01384899796198938,1.0,0.0,1.0,0.0,187.01030109618353,0.0035207748496366856,0.7448086522595548,0.017601350600066852,-0.1753950567302406,0.0,0.12468774694254638,0.0,986.3155862744968,0.0,567.5186556931894,0.0,-0.018369292147403526,0.0,-0.1574113539875364,0.0002430701197813094,-0.050645658420108805,0.0005605581003272659,1.0218249165298874,0.0014207063823191562,5.301576155313441,0.001922207007094304,-2.525946586378993,0.003972972471482838,-0.2857563024446204,0.010192830190723748,2.9201584717851063,0.001077687823007893,-0.805336551323849,0.0021000396566155446,-0.669769962946764,0.005320316412044382,11333.333333333369,0.0,986.3155862744968,0.0,567.5186556931894,0.0,-0.018369292147403526,0.0,0.9669543418248591,0.05153858623251169,-3.121776305216133,0.16993865192246208,-4.076049259426736,0.13854741493834277,4.931699416954128,0.010094691560097244,0.0,0.0,0.0,0.0,2.462499190720244,0.004778530196681855,0.0,0.0,0.0,0.0,11333.333333333369,0.0,986.3155862744968,0.0,567.5186556931894,0.0,-0.018369292147403526,0.0,0.0,0.0,0.0,0.0,0.0,0.0,5.357796186471907,0.0,0.0,0.0,0.0,0.0,2.95214071286899,0.0,0.0,0.0,0.0,0.0,11333.333333333369,0.0,0.4680826058909901,0.00047063692988114515,0.0,0.0,0.0034855382509501134,0.0005749033518652044,3.0,0.0,313.24510725881436,5.636912328719735,4.587020842173018,0.040225478892034885,2.8305871046082283,0.03841567059366902,186.82977707908557,0.005805173417112731,1.0269781963446643,0.0,0.0,0.0,2024-04-10 04:05:43.900503754+00:00,1511.679496,1511.679496
41,z,2024041000492,2024-04-11 03:31:46.322509056,14.725676786311755,14.6012703025151,0.0049534126832764,0.0045645074650834,-12.553488655152158,-12.680601645208316,0.007378639504194402,0.00656343361000723,y,2024041000493,2024-04-11 03:32:34.718995968,14.789450081643627,14.577277822517136,0.0112810036188971,0.0099262790114614,-11.32626596443644,-11.543160884561637,0.020686974795144267,0.016940999017078854,48.396486,1.5304040629983788,1.5353685346797945,1803.8829480559823,487.1659390657049,2505.832772669084,2536.2279359955032,1792.7956400058213,487.27220080896205,2494.728171067648,2536.3298491841924,0.12440648379665475,0.00673580177927213,0.12711299005615828,0.009875372483396804,0.21217225912649162,0.015026378727522762,0.2168949201251973,0.0267385185429485,-0.06377329533187215,0.012320606310584433,-1.2272226907157187,0.02196349806173398,0.023992479997964722,0.010925463075411548,-1.1374407606466796,0.018167996819947962,0.08776577532983687,0.01646703018982458,0.089781930069039,0.02850388316628862,14.725676786311755,14.789450081643627,-12.553488655152158,-11.32626596443644,,,,,,,,,,,,,,,,,,,,,,,,,,,,,,,,,,,,,,,,,,,,,,,,,,,,,,,,,,,,,,,,,,,,,,,,,,,,,,,,,,,,,,,,,,,,,,,,,,,,,,,,,,,,,,,,,,,,,,,,,,,,,,,,,,,,,,,,,,,,,,,,,,,,,,,,,,,,,,,,,,,,,,,,,,,,,,,
42,z,2024041600460,2024-04-17 03:27:11.828498944,14.73015942752468,14.572273044633004,0.0049345486738541,0.0045413458807297,-12.559733627377764,-12.686156479456033,0.007285763067791953,0.006484939116601238,y,2024041600461,2024-04-17 03:27:59.881509120,14.695511720041036,14.532599293367989,0.0098061185231508,0.0087653888253534,-11.338444395380469,-11.54495603035911,0.02002418855328963,0.0165558038402245,48.05301,1.6600710165106445,1.6661383102442944,1828.4290007279744,444.6719395241702,2530.002295122077,2493.394518874225,1817.3733468884736,445.1433133061656,2519.26932044891,2494.001542363882,0.15788638289167523,0.0067062353838093,0.1264228520782691,0.0097538084267647,0.1629124266730475,0.01315264238659713,0.2065116349786411,0.025981970056438902,0.034647707483642876,0.01097769243077599,-1.2212892319972948,0.02130846007335342,0.039673751265015156,0.009871973646037091,-1.1412004490969228,0.01778058143430684,0.00502604378137228,0.014763657906249634,0.08008878290037202,0.027752469202572117,14.73015942752468,14.695511720041036,-12.559733627377764,-11.338444395380469,,,,,,,,,,,,,,,,,,,,,,,,,,,,,,,,,,,,,,,,,,,,,,,,,,,,,,,,,,,,,,,,,,,,,,,,,,,,,,,,,,,,,,,,,,,,,,,,,,,,,,,,,,,,,,,,,,,,,,,,,,,,,,,,,,,,,,,,,,,,,,,,,,,,,,,,,,,,,,,,,,,,,,,,,,,,,,,
43,z,2024041700443,2024-04-18 03:09:38.533000960,14.730272179275886,14.598364579480858,0.0047087380136228,0.0042648036359307,-12.569012670566718,-12.688233379409946,0.00772116162711802,0.006918219866200373,y,2024041700444,2024-04-18 03:10:27.249502976,14.718642521568718,14.592194122378864,0.0095449749820591,0.0083774607275433,-11.453902780846812,-11.577253363961763,0.019665668511006117,0.017553692290643477,48.716502,1.565124721994443,1.570424797727997,2522.6942952298787,441.7314946827527,3225.197255967609,2490.36889026228,2511.2335700919,442.3516823209274,3213.975858974469,2491.415362107462,0.13190759979502786,0.0063530121780132065,0.119220708843228,0.010367164655255038,0.1264483991898544,0.01269993683644389,0.1233505831149504,0.026360398916165397,0.01162965770716795,0.010643249554955972,-1.1151098897199052,0.021127111843715348,0.0061704571019944865,0.009400553084504019,-1.1109800154481828,0.018867800061260077,0.005459200605173464,0.014200322509846337,0.0041298742717224,0.028325760960802856,14.730272179275886,14.718642521568718,-12.569012670566718,-11.453902780846812,,,,,,,,,,,,,,,,,,,,,,,,,,,,,,,,,,,,,,,,,,,,,,,,,,,,,,,,,,,,,,,,,,,,,,,,,,,,,,,,,,,,,,,,,,,,,,,,,,,,,,,,,,,,,,,,,,,,,,,,,,,,,,,,,,,,,,,,,,,,,,,,,,,,,,,,,,,,,,,,,,,,,,,,,,,,,,,
44,z,2024041700486,2024-04-18 04:09:46.518994944,14.726232383048767,14.61310931336553,0.005006830216562,0.0045838327372586,-12.59077304097092,-12.683906114732828,0.007577758856820662,0.006954846534823516,y,2024041700487,2024-04-18 04:10:35.243508992,14.840661649873612,14.64803347047808,0.0112653044291296,0.0095335546902928,-11.370072226263444,-11.552228636505637,0.021036994566103542,0.017787754656695135,48.724514,2.130640900544997,2.1415745639857278,2104.6563896464136,338.63028708498194,2806.4484111569973,2387.653896740232,2092.880640851492,336.7750545735273,2794.8452263377003,2386.897017771154,0.11312306968323682,0.006788215625673801,0.09313307376190849,0.010285539344879812,0.19262817939553223,0.01475790462476875,0.1821564102421931,0.027549216978002288,-0.11442926682484433,0.012327831630033129,-1.2207008147074756,0.022360178211865707,-0.034924157112548926,0.010578288500318354,-1.131677478227191,0.01909906034467995,0.07950510971229541,0.01624424883749362,0.0890233364802846,0.029406660397197776,14.726232383048767,14.840661649873612,-12.59077304097092,-11.370072226263444,3351.0,2024-04-18 03:56:37.884509609+00:00,2024041700482.0,-64.0,2.0,1136.0,3.0,True,HD185975,-6.5e-05,holo4_003,0.13201918064175389,187.10477618667662,0.0,-113.52393902784299,100.80254762085583,877.4375252768084,619.6434547793207,114.88147421177756,61.910839998877535,4.074127751370967,1.0311538043054354,35.63174578359678,0.0,2.04512736753642,3.1.0,2.0,,60.0,2.04512736753642,-87.4674632369509,-112.18974015079553,17.25,745.1,6.67500019073486,empty,-65.638360086381,-417.28995082849957,19.437525276808387,515.0,1651.0,858.0,903.0,1136.0,45.0,2.0,11333.333333333334,1.0,0.708597104508643,0.00028207792550597756,1.0,0.0,0.0,0.0,0.0,0.00023766557190082452,1.406491289211276,0.0,291.8637974413197,1.1440453741684766,3.155378123829379,0.010002492083778822,1.0,0.0,1.0,0.0,187.05661132596273,0.002096141856106762,0.4279709321518031,0.009403900349060091,-0.17528257178664708,0.0,0.14137062933442504,0.0,985.825518387907,0.0,567.5203711743707,0.0,-0.020069768779932416,0.0,-0.17023548247346995,0.00025517702364182866,-0.11999723726145362,0.0005360226798487421,0.9480575589961019,0.0013878688526186643,3.374141368707118,0.001272293101135022,-1.687636035906944,0.002626826142277539,0.21764023928766757,0.006708768273234039,2.2585739340547515,0.0006648883428107553,-0.5482581199263162,0.0013260963756039329,-0.26400307153112895,0.003333206465542593,11333.333333333369,0.0,985.825518387907,0.0,567.5203711743707,0.0,-0.020069768779932416,0.0,1.9240854278902713,0.05343935246027009,1.5653722481636922,0.1745590390181721,0.6868043938198806,0.14104936783480596,3.401016317105848,0.005933005139880051,0.0,0.0,0.0,0.0,2.093770487471737,0.0028612987653896227,0.0,0.0,0.0,0.0,11333.333333333369,0.0,985.825518387907,0.0,567.5203711743707,0.0,-0.020069768779932416,0.0,0.0,0.0,0.0,0.0,0.0,0.0,3.711136767199879,0.0,0.0,0.0,0.0,0.0,2.452570076148687,0.0,0.0,0.0,0.0,0.0,11333.333333333369,0.0,0.8605514562833143,0.0015286966366108168,0.0,0.0,0.1,0.0,0.06530956472171162,0.022694500753845333,117.57112474432076,10.598463438443018,2.190636393017413,0.03672441438567078,2.4454801935779074,0.08435032487813306,186.60789270733562,0.011659152702074788,1.0311538043054354,0.0,0.0,0.0,2024-04-18 03:56:37.884509609+00:00,788.634486,-788.634486
45,z,2024042200389,2024-04-23 01:52:24.435492096,14.718510380397165,14.6059470433324,0.0052009448622573,0.004648196171155,-12.563139464664188,-12.68697749529366,0.007776321226746583,0.0069380748369468745,y,2024042200390,2024-04-23 01:53:12.817491968,14.732390550362773,14.61555466659406,0.0106562113984801,0.0088925998991428,-11.425504361799678,-11.566031955030063,0.020243457592321195,0.017785810259636565,48.381999,1.282666166854442,1.285594054321196,2374.404527449128,647.2487471985498,3077.1337948149253,2696.2484645809955,2364.731696649501,646.8671460303128,3067.045682375357,2695.585754251524,0.11256333706476518,0.006975353403647776,0.12383803062947152,0.010421518807958122,0.11683588376871334,0.013879235365658,0.14052759323038444,0.026946848088114126,-0.013880169965608147,0.011857683957221065,-1.1376351028645093,0.021685680692882483,-0.009607623261659981,0.010034144737434005,-1.1209455402635964,0.01909114792344527,0.004272546703948166,0.015533471261798257,0.01668956260091292,0.02889187906918698,14.718510380397165,14.732390550362773,-12.563139464664188,-11.425504361799678,,,,,,,,,,,,,,,,,,,,,,,,,,,,,,,,,,,,,,,,,,,,,,,,,,,,,,,,,,,,,,,,,,,,,,,,,,,,,,,,,,,,,,,,,,,,,,,,,,,,,,,,,,,,,,,,,,,,,,,,,,,,,,,,,,,,,,,,,,,,,,,,,,,,,,,,,,,,,,,,,,,,,,,,,,,,,,,
